10
20
0.5	 0.23412243652767373	 0.8671870120491807	 0.28550720660978157	 0.0803204249532522	 0.8702015461456147	 0.3936036839087146	 0.7348403585884268	 0.026068794957667896	 0.2155907019441774	 0.2314864148753435	 0.7241332119143014	 0.8742498107972748	 0.21065700065443327	 0.21541908125140752	 0.9232018465808667	 0.4322102817234871	 0.5157315831620198	 0.9759278155282248	 0.8268133567411835
0.7658775634723263	 0.5	 0.06229259803938625	 0.21158612117229003	 0.14700561467610684	 0.7448414437353255	 0.8840284851890651	 0.5836392547187111	 0.7134042302008551	 0.2732007689011414	 0.2515528643548308	 0.36724234960097324	 0.13505370724360866	 0.8089448750416175	 0.92728859727975	 0.5550277454183924	 0.36741385145706607	 0.724670761968117	 0.30752353884463657	 0.49718466014318785
0.1328129879508193	 0.9377074019606138	 0.5	 0.534258273004515	 0.2753806180083994	 0.6463214680169636	 0.5616610565869867	 0.8033363144736446	 0.1752090770637409	 0.47127887611353947	 0.06367280795493002	 0.9655540344023615	 0.05193237679628626	 0.28796014166984796	 0.5225337385015962	 0.3247600168860515	 0.6639334758899946	 0.229413121493797	 0.5587035876595595	 0.767917852188558
0.7144927933902184	 0.78841387882771	 0.465741726995485	 0.5	 0.8473050238933174	 0.5229887520429654	 0.9050832528177888	 0.3043920161047494	 0.6500297827970406	 0.5187572945446091	 0.07396959532263148	 0.9382690273347062	 0.005686137162504323	 0.5521349608343555	 0.19471531843325673	 0.4690817634735759	 0.6008838946309902	 0.09790496369971269	 0.4170214249677121	 0.7039991640019171
0.9196795750467478	 0.8529943853238932	 0.7246193819916006	 0.1526949761066826	 0.5	 0.29864365449107877	 0.5136367392933568	 0.06092348665510361	 0.6084898489599152	 0.594190595378258	 0.16757824628887252	 0.3869149347932722	 0.12266259030559956	 0.10014136408923957	 0.8994155786327455	 0.458284195263304	 0.7269328443847495	 0.9848209104181062	 0.5718656146109905	 0.07262446201681894
0.12979845385438527	 0.25515855626467454	 0.35367853198303645	 0.47701124795703465	 0.7013563455089212	 0.5	 0.35335868006618065	 0.620453281659239	 0.9368865196426662	 0.15060856968933645	 0.907935977675892	 0.4372288895540928	 0.16236230270030272	 0.2875034948464884	 0.4943373181533879	 0.1247581779971908	 0.14343694539988006	 0.3965322432542764	 0.41102428656822443	 0.8741792630633856
0.6063963160912854	 0.11597151481093493	 0.43833894341301327	 0.09491674718221121	 0.48636326070664315	 0.6466413199338193	 0.5	 0.15724497641977087	 0.5030738816719368	 0.13135881536165483	 0.31219562862340666	 0.5106047584877969	 0.7848243529266379	 0.7702838575743722	 0.14257695679220128	 0.5773116030841702	 0.8954250040183663	 0.9913393440609224	 0.2811645286286778	 0.02498786426907995
0.2651596414115732	 0.41636074528128886	 0.19666368552635538	 0.6956079838952506	 0.9390765133448964	 0.37954671834076104	 0.8427550235802291	 0.5	 0.4576970197971557	 0.9142245511582793	 0.44718020110897616	 0.09101793737782049	 0.3675039710037802	 0.3458134911330427	 0.7566458541142389	 0.48291555927454755	 0.21039673150111804	 0.5764749770195096	 0.8529780036766896	 0.8505419844525555
0.9739312050423321	 0.2865957697991449	 0.8247909229362591	 0.3499702172029594	 0.3915101510400848	 0.06311348035733377	 0.4969261183280632	 0.5423029802028443	 0.5	 0.6605782394915622	 0.058744634359608416	 0.5053302185320637	 0.8059135599856427	 0.20535842169537777	 0.5168412619817687	 0.4070133855798215	 0.1509072534738497	 0.9181517847337017	 0.42321502934405664	 0.11433222137006327
0.7844092980558226	 0.7267992310988586	 0.5287211238864605	 0.48124270545539094	 0.405809404621742	 0.8493914303106636	 0.8686411846383452	 0.08577544884172073	 0.33942176050843775	 0.5	 0.31399366595496925	 0.289204103404911	 0.32226106729746584	 0.6804338287701973	 0.9941966467884374	 0.3156162033450154	 0.18152632058445284	 0.5592721896429008	 0.6637994721671987	 0.15086672468617823
0.7685135851246565	 0.7484471356451692	 0.93632719204507	 0.9260304046773685	 0.8324217537111275	 0.09206402232410804	 0.6878043713765933	 0.5528197988910238	 0.9412553656403916	 0.6860063340450308	 0.5	 0.8071836602543336	 0.7815499394864314	 0.890887701123794	 0.618917836150785	 0.3732420881083198	 0.2375070488626756	 0.4086390426284606	 0.8091209320588032	 0.2829075043465046
0.27586678808569864	 0.6327576503990268	 0.03444596559763846	 0.061730972665293815	 0.6130850652067278	 0.5627711104459072	 0.48939524151220315	 0.9089820626221795	 0.4946697814679363	 0.710795896595089	 0.19281633974566637	 0.5	 0.1406835744455457	 0.48034082482713747	 0.7855223896057104	 0.9057034338585611	 0.39229121452283044	 0.38743639967077403	 0.1678017603301153	 0.21540679129425144
0.12575018920272518	 0.8649462927563913	 0.9480676232037137	 0.9943138628374957	 0.8773374096944004	 0.8376376972996973	 0.21517564707336212	 0.6324960289962198	 0.19408644001435726	 0.6777389327025342	 0.21845006051356863	 0.8593164255544543	 0.5	 0.6175869336503748	 0.8024715083246435	 0.9709580911725322	 0.9915490329773297	 0.10364895019689335	 0.39963243548583116	 0.6269925691856176
0.7893429993455667	 0.1910551249583825	 0.712039858330152	 0.44786503916564446	 0.8998586359107604	 0.7124965051535116	 0.22971614242562777	 0.6541865088669573	 0.7946415783046222	 0.3195661712298027	 0.109112298876206	 0.5196591751728625	 0.38241306634962524	 0.5	 0.04117785018356823	 0.7322136207421746	 0.3026378761370492	 0.5542186561925472	 0.8477707957379219	 0.27173956757314566
0.7845809187485925	 0.07271140272025	 0.47746626149840377	 0.8052846815667433	 0.10058442136725454	 0.5056626818466121	 0.8574230432077987	 0.2433541458857611	 0.4831587380182313	 0.005803353211562556	 0.381082163849215	 0.2144776103942896	 0.19752849167535647	 0.9588221498164318	 0.5	 0.8730668545055287	 0.9884634761379283	 0.16063674525109095	 0.06962298847753001	 0.9017749674142692
0.07679815341913332	 0.4449722545816076	 0.6752399831139485	 0.5309182365264241	 0.541715804736696	 0.8752418220028092	 0.4226883969158298	 0.5170844407254525	 0.5929866144201785	 0.6843837966549846	 0.6267579118916802	 0.09429656614143889	 0.02904190882746782	 0.26778637925782545	 0.12693314549447132	 0.5	 0.04530745181366014	 0.3008364833151612	 0.2684962216228335	 0.4818724162452318
0.5677897182765129	 0.6325861485429339	 0.33606652411000537	 0.39911610536900977	 0.2730671556152505	 0.8565630546001199	 0.10457499598163367	 0.789603268498882	 0.8490927465261503	 0.8184736794155472	 0.7624929511373244	 0.6077087854771696	 0.008450967022670341	 0.6973621238629508	 0.011536523862071713	 0.9546925481863399	 0.5	 0.14364144974506288	 0.3785997202918514	 0.15979901612814018
0.48426841683798016	 0.27532923803188303	 0.770586878506203	 0.9020950363002873	 0.015179089581893845	 0.6034677567457236	 0.00866065593907761	 0.42352502298049044	 0.08184821526629826	 0.4407278103570992	 0.5913609573715394	 0.612563600329226	 0.8963510498031066	 0.4457813438074528	 0.839363254748909	 0.6991635166848388	 0.8563585502549371	 0.5	 0.7138065545316583	 0.9882039939471625
0.02407218447177517	 0.6924764611553634	 0.4412964123404405	 0.5829785750322879	 0.4281343853890095	 0.5889757134317756	 0.7188354713713222	 0.14702199632331037	 0.5767849706559434	 0.3362005278328013	 0.1908790679411968	 0.8321982396698847	 0.6003675645141688	 0.1522292042620781	 0.93037701152247	 0.7315037783771665	 0.6214002797081486	 0.2861934454683417	 0.5	 0.19241029648448094
0.1731866432588165	 0.5028153398568121	 0.23208214781144199	 0.2960008359980829	 0.9273755379831811	 0.12582073693661444	 0.97501213573092	 0.14945801554744453	 0.8856677786299367	 0.8491332753138218	 0.7170924956534954	 0.7845932087057486	 0.37300743081438237	 0.7282604324268543	 0.09822503258573079	 0.5181275837547682	 0.8402009838718598	 0.011796006052837482	 0.8075897035155191	 0.5

0.5	 0.3673677852418268	 0.09202278340620962	 0.4658072534608714	 0.0497171174183445	 0.37308716808665265	 0.2864621354626996	 0.5412815787196952	 0.4510070713801949	 0.7142154053345645	 0.08586073334079425	 0.06100952763221723	 0.9677113302519671	 0.9476019826480285	 0.24876326879630495	 0.49594221883920697	 0.8403995169487284	 0.7842331919681191	 0.7827970679903398	 0.9562724915291317
0.6326322147581732	 0.5	 0.45743904410026626	 0.49397075932504475	 0.2607927082414617	 0.8404789157766727	 0.7442974089512128	 0.5836374959322079	 0.6063957970018191	 0.6778976620852949	 0.3054318234204466	 0.1203064303672603	 0.3472469716602826	 0.04107400491071633	 0.5282692396415927	 0.025751851881889776	 0.014471713528920405	 0.37387074244282326	 0.18006924428932036	 0.9033720063469866
0.9079772165937904	 0.5425609558997337	 0.5	 0.5791357898010857	 0.33228850032211354	 0.3810008646664289	 0.47549482050801994	 0.5594853728276994	 0.7671781160020001	 0.2205538291225818	 0.5068295698643956	 0.7072058636555016	 0.7915031544362309	 0.699443584966973	 0.1689290741136843	 0.9865971265702284	 0.46953628649737755	 0.12545870992633967	 0.16087835468206668	 0.897476534691025
0.5341927465391286	 0.5060292406749552	 0.4208642101989143	 0.5	 0.541350121779084	 0.569238066293702	 0.5430276005646558	 0.060786110661682935	 0.2531899351086474	 0.494754436613024	 0.1634382714073923	 0.38529339426696674	 0.8027915777208933	 0.2193204029693704	 0.7608135599582946	 0.06444007317044143	 0.12843520811312392	 0.4292208738019191	 0.3130350359503058	 0.11430635400538025
0.9502828825816555	 0.7392072917585383	 0.6677114996778865	 0.45864987822091596	 0.5	 0.771501572300496	 0.5796165468549557	 0.9670298254411264	 0.15682313970011585	 0.3245241966608782	 0.6411506547905027	 0.9335433140288167	 0.6767782257766579	 0.540207477455073	 0.3207313709016476	 0.05949472016778101	 0.036826754612575785	 0.5216072594322685	 0.5802504713929697	 0.4009439410922653
0.6269128319133473	 0.15952108422332734	 0.6189991353335711	 0.430761933706298	 0.22849842769950401	 0.5	 0.12163002759756536	 0.5396469426701003	 0.004538595693839964	 0.011299795567008108	 0.600411066794239	 0.9313688740874266	 0.3286461691432223	 0.3322514893737536	 0.4466295185868291	 0.22079700794662716	 0.22457791542150063	 0.02900633427080701	 0.5341420505287533	 0.07401394393892657
0.7135378645373004	 0.25570259104878723	 0.5245051794919801	 0.4569723994353442	 0.42038345314504433	 0.8783699724024346	 0.5	 0.26889845554992464	 0.8467687257294034	 0.8411289483080441	 0.9510313561560163	 0.8651653654223644	 0.08199665384038668	 0.03623142900266796	 0.34926007439384	 0.7789346321073607	 0.5598237327869963	 0.995758396985149	 0.34686197369963634	 0.858123453996837
0.4587184212803048	 0.41636250406779207	 0.4405146271723006	 0.9392138893383171	 0.03297017455887363	 0.46035305732989973	 0.7311015444500754	 0.5	 0.5881362464444799	 0.10648507098682969	 0.7489928424539533	 0.45780349302582035	 0.21914627431455058	 0.04548084838242583	 0.51592177523835	 0.06603718259244296	 0.29090346392307886	 0.09656638432771714	 0.30923950676512635	 0.6361590174520895
0.5489929286198051	 0.3936042029981809	 0.23282188399799986	 0.7468100648913526	 0.8431768602998841	 0.99546140430616	 0.15323127427059657	 0.4118637535555201	 0.5	 0.14403969142145245	 0.9624155729999485	 0.9308438728134196	 0.1709419778718061	 0.6131424779183111	 0.46198092068383434	 0.1491182187574711	 0.17537934994325666	 0.8775042175986978	 0.464835493989861	 0.907694305893994
0.2857845946654355	 0.3221023379147051	 0.7794461708774182	 0.505245563386976	 0.6754758033391218	 0.9887002044329919	 0.15887105169195592	 0.8935149290131703	 0.8559603085785475	 0.5	 0.697350278159184	 0.022596306461910576	 0.9071884543710536	 0.19441823452139106	 0.8092273292637628	 0.711468483498604	 0.75874538911589	 0.9116141883442821	 0.548522596613869	 0.1943755696457775
0.9141392666592058	 0.6945681765795534	 0.49317043013560435	 0.8365617285926077	 0.3588493452094973	 0.39958893320576105	 0.048968643843983695	 0.25100715754604674	 0.03758442700005149	 0.30264972184081596	 0.5	 0.3652486528944823	 0.9334678973885193	 0.5319587249927817	 0.9952848982948703	 0.6784468172283105	 0.16232748534854757	 0.6848895130528343	 0.0055197881168219665	 0.5034068180975813
0.9389904723677828	 0.8796935696327397	 0.29279413634449836	 0.6147066057330333	 0.06645668597118326	 0.06863112591257337	 0.13483463457763556	 0.5421965069741796	 0.06915612718658037	 0.9774036935380894	 0.6347513471055177	 0.5	 0.8029465539642704	 0.7867845239682405	 0.3876456710727644	 0.0424960190797411	 0.26217092017941346	 0.8235307222447427	 0.6468070881882624	 0.6960256441427546
0.032288669748032905	 0.6527530283397174	 0.20849684556376913	 0.19720842227910673	 0.3232217742233421	 0.6713538308567777	 0.9180033461596133	 0.7808537256854494	 0.8290580221281939	 0.09281154562894645	 0.06653210261148068	 0.1970534460357296	 0.5	 0.05129633166543257	 0.458593388801669	 0.46207540495947674	 0.29146128445101593	 0.8193019630772909	 0.28761759804827525	 0.3869686728231576
0.05239801735197147	 0.9589259950892837	 0.300556415033027	 0.7806795970306296	 0.459792522544927	 0.6677485106262464	 0.963768570997332	 0.9545191516175742	 0.3868575220816889	 0.8055817654786089	 0.46804127500721826	 0.2132154760317595	 0.9487036683345674	 0.5	 0.6562696426174935	 0.17739040989609578	 0.9248407124465715	 0.32615652825551755	 0.7238857895433491	 0.28874140957700134
0.751236731203695	 0.47173076035840733	 0.8310709258863157	 0.23918644004170542	 0.6792686290983524	 0.5533704814131709	 0.65073992560616	 0.48407822476164997	 0.5380190793161657	 0.19077267073623716	 0.004715101705129676	 0.6123543289272356	 0.541406611198331	 0.34373035738250646	 0.5	 0.3847252000512238	 0.7744644810758874	 0.1679480096169389	 0.29211391408101806	 0.6685103687027669
0.504057781160793	 0.9742481481181102	 0.013402873429771645	 0.9355599268295586	 0.940505279832219	 0.7792029920533728	 0.2210653678926393	 0.933962817407557	 0.8508817812425289	 0.28853151650139597	 0.32155318277168954	 0.9575039809202589	 0.5379245950405233	 0.8226095901039042	 0.6152747999487762	 0.5	 0.16464405407074345	 0.896862359353138	 0.5039064930988256	 0.9429203832489783
0.1596004830512716	 0.9855282864710796	 0.5304637135026224	 0.8715647918868761	 0.9631732453874242	 0.7754220845784994	 0.44017626721300374	 0.7090965360769211	 0.8246206500567433	 0.24125461088411004	 0.8376725146514524	 0.7378290798205865	 0.7085387155489841	 0.07515928755342849	 0.2255355189241126	 0.8353559459292565	 0.5	 0.3119758960584611	 0.6089227117568162	 5.136102043082902E-4
0.21576680803188086	 0.6261292575571767	 0.8745412900736603	 0.5707791261980809	 0.4783927405677315	 0.970993665729193	 0.004241603014850992	 0.9034336156722829	 0.12249578240130221	 0.0883858116557179	 0.3151104869471657	 0.17646927775525734	 0.18069803692270914	 0.6738434717444824	 0.8320519903830611	 0.10313764064686204	 0.6880241039415389	 0.5	 0.2070555006830077	 0.8666255378451171
0.21720293200966023	 0.8199307557106796	 0.8391216453179333	 0.6869649640496942	 0.4197495286070303	 0.4658579494712467	 0.6531380263003637	 0.6907604932348737	 0.535164506010139	 0.45147740338613096	 0.994480211883178	 0.3531929118117376	 0.7123824019517248	 0.27611421045665085	 0.7078860859189819	 0.4960935069011744	 0.3910772882431838	 0.7929444993169923	 0.5	 0.00762610683155418
0.04372750847086826	 0.09662799365301344	 0.10252346530897505	 0.8856936459946197	 0.5990560589077347	 0.9259860560610734	 0.14187654600316302	 0.36384098254791053	 0.09230569410600598	 0.8056244303542225	 0.49659318190241875	 0.3039743558572454	 0.6130313271768424	 0.7112585904229987	 0.3314896312972331	 0.05707961675102169	 0.9994863897956917	 0.1333744621548829	 0.9923738931684458	 0.5

0.5	 0.11317617119599166	 0.9801845086853889	 0.7446756508960946	 0.9302270978204	 0.7246815762950064	 0.15878939518309176	 0.8456980794760572	 0.36837019708235774	 0.06865880934017099	 0.7047843360240901	 0.47070989526574314	 0.7606736878542097	 0.6236817112285336	 0.4586146165547016	 0.9406299453365288	 0.43273946382007156	 0.9061262155457595	 0.6965253964337055	 0.7860968321537688
0.8868238288040083	 0.5	 0.9003681379297437	 0.4584226649233102	 0.510790974740405	 0.24532336373702401	 0.3393042296349098	 0.9074844809904671	 0.20931563145306398	 0.38829485222932547	 0.26101412621708775	 0.10042338795274952	 0.6843442209918842	 0.9178786186204406	 0.15722253554313137	 0.9818885355253806	 0.20880889112760614	 0.6212641467630796	 0.2753475831515301	 0.3158432997201306
0.019815491314611133	 0.09963186207025632	 0.5	 0.6588775621997753	 0.6492545756276478	 0.6176381572665848	 0.5743199452795287	 0.7325590394829542	 0.28628159353599314	 0.7187318659365628	 0.31666887528684917	 0.3367583837486656	 0.6406180618568469	 0.7495153736883171	 0.16504627398480531	 0.9489656236885452	 0.732113449248336	 0.019583508785460224	 0.04535958625608183	 0.4247994644657812
0.25532434910390545	 0.5415773350766898	 0.34112243780022466	 0.5	 0.7838791130074225	 0.006257275306303711	 0.707617883920616	 0.41891728129958006	 0.1347022952290302	 0.6250347950015182	 0.6656097514767049	 0.3143411206845802	 0.0805685440216114	 0.5745141214183486	 0.603058711753991	 0.3140391679989517	 0.12652447835445946	 0.23823943052465502	 0.9818822163076695	 0.13864046685001474
0.06977290217959997	 0.489209025259595	 0.35074542437235223	 0.21612088699257748	 0.5	 0.5842141987544793	 0.8065879157697938	 0.05790703673556319	 0.5954505876779842	 0.18577397988678457	 0.9937274085822678	 0.7603703491524526	 0.13647404342216307	 0.40137177599198726	 0.9678392847139953	 0.923762620064961	 0.4069392339375184	 0.4455293639228346	 0.8872156505458477	 0.1740444155648141
0.2753184237049936	 0.754676636262976	 0.3823618427334152	 0.9937427246936963	 0.41578580124552067	 0.5	 0.7008600665602195	 0.536466773612152	 0.740503133091005	 0.3659965383598177	 0.1864579789790145	 0.8330598499223203	 0.02628029656441211	 0.8444387515802538	 0.7418066173987691	 0.6156038281886941	 0.17531931833661152	 0.9592796653588559	 0.24985101384798047	 0.6994268555326356
0.8412106048169082	 0.6606957703650902	 0.4256800547204713	 0.292382116079384	 0.19341208423020617	 0.2991399334397805	 0.5	 0.5182971044163859	 0.20283589343194874	 0.24199188383730474	 0.7744994330386311	 0.03238434864060036	 0.057586489871695234	 0.8507147917116551	 0.3495369871237698	 0.06205615052595592	 0.14350388413988668	 0.13428283971013721	 0.24569446847540444	 0.7026306213378691
0.15430192052394276	 0.09251551900953292	 0.2674409605170458	 0.5810827187004199	 0.9420929632644368	 0.463533226387848	 0.4817028955836141	 0.5	 0.5363300974459736	 0.9703009134093847	 0.13280327873601094	 0.5594571798268224	 0.19164313019881385	 0.8799984668070756	 0.43020286254512263	 0.15133937871461156	 0.2542848473022369	 0.34136645911168506	 0.004570202368547327	 0.31369168666066105
0.6316298029176423	 0.790684368546936	 0.7137184064640069	 0.8652977047709698	 0.4045494123220158	 0.259496866908995	 0.7971641065680513	 0.4636699025540264	 0.5	 0.6586989021938433	 0.37682403127189934	 0.4887524509290604	 0.5750935472359177	 0.8329528327775082	 0.4598784806433319	 0.7184594514773243	 0.6303180510414792	 0.507695919624566	 0.07528224417751739	 0.7377743468394169
0.931341190659829	 0.6117051477706745	 0.2812681340634372	 0.37496520499848185	 0.8142260201132154	 0.6340034616401823	 0.7580081161626953	 0.029699086590615265	 0.3413010978061567	 0.5	 0.7135767640368752	 0.6010304854646378	 0.5884786276930527	 0.05979210256664902	 0.887636088144661	 0.9012509722054807	 0.4326680189705112	 0.38529723976875907	 0.007624898244549039	 0.8016315528493771
0.2952156639759099	 0.7389858737829123	 0.6833311247131508	 0.33439024852329513	 0.006272591417732176	 0.8135420210209855	 0.2255005669613689	 0.8671967212639891	 0.6231759687281007	 0.2864232359631248	 0.5	 0.005614495805290165	 0.7802439108737403	 0.39276702987808154	 0.6549201892869393	 0.0833527673426665	 0.3919025688417054	 0.0449362294118949	 0.40992254886195556	 0.004243423507450439
0.5292901047342569	 0.8995766120472505	 0.6632416162513344	 0.6856588793154198	 0.2396296508475474	 0.1669401500776797	 0.9676156513593996	 0.4405428201731776	 0.5112475490709396	 0.3989695145353622	 0.9943855041947098	 0.5	 0.14388957599871655	 0.5898454826585985	 0.06853699162080806	 0.35436449173677287	 0.4918970417833384	 0.9848465384769173	 0.15882725732239222	 0.3940155276337848
0.23932631214579025	 0.3156557790081158	 0.3593819381431531	 0.9194314559783886	 0.8635259565778369	 0.9737197034355879	 0.9424135101283048	 0.8083568698011862	 0.42490645276408234	 0.4115213723069473	 0.21975608912625966	 0.8561104240012835	 0.5	 0.2447925174123795	 0.43672931319607633	 0.8581969720365932	 0.005150204640165468	 0.6598587209243866	 0.9035754746938058	 0.6204560673213567
0.37631828877146645	 0.08212138137955938	 0.2504846263116829	 0.42548587858165143	 0.5986282240080127	 0.15556124841974617	 0.1492852082883449	 0.12000153319292439	 0.1670471672224918	 0.940207897433351	 0.6072329701219185	 0.4101545173414015	 0.7552074825876205	 0.5	 0.5108419500684755	 0.5062963160692532	 0.016633894649543235	 0.16154595531906912	 0.32042655289367616	 0.5577128566850175
0.5413853834452984	 0.8427774644568686	 0.8349537260151947	 0.39694128824600905	 0.032160715286004726	 0.2581933826012309	 0.6504630128762302	 0.5697971374548774	 0.5401215193566681	 0.112363911855339	 0.3450798107130607	 0.9314630083791919	 0.5632706868039237	 0.48915804993152445	 0.5	 0.2513502825860062	 0.44091692168148533	 0.9877544865708854	 0.022174041683271417	 0.7010969406291173
0.05937005466347123	 0.01811146447461942	 0.0510343763114548	 0.6859608320010483	 0.07623737993503898	 0.3843961718113059	 0.9379438494740441	 0.8486606212853884	 0.28154054852267574	 0.09874902779451933	 0.9166472326573335	 0.6456355082632271	 0.14180302796340682	 0.4937036839307468	 0.7486497174139938	 0.5	 0.8390277148211567	 0.9350250952130812	 0.7474937719136696	 0.8628132002138938
0.5672605361799284	 0.7911911088723939	 0.267886550751664	 0.8734755216455405	 0.5930607660624816	 0.8246806816633885	 0.8564961158601133	 0.7457151526977631	 0.3696819489585208	 0.5673319810294888	 0.6080974311582946	 0.5081029582166616	 0.9948497953598345	 0.9833661053504568	 0.5590830783185147	 0.16097228517884332	 0.5	 0.07616372459619303	 0.7909631595014097	 0.6497917485534411
0.09387378445424055	 0.3787358532369204	 0.9804164912145398	 0.761760569475345	 0.5544706360771654	 0.04072033464114411	 0.8657171602898628	 0.6586335408883149	 0.49230408037543405	 0.6147027602312409	 0.9550637705881051	 0.015153461523082723	 0.3401412790756134	 0.8384540446809309	 0.012245513429114618	 0.06497490478691881	 0.923836275403807	 0.5	 0.43068018804494856	 0.5437471863211544
0.3034746035662945	 0.7246524168484699	 0.9546404137439182	 0.018117783692330525	 0.11278434945415228	 0.7501489861520195	 0.7543055315245956	 0.9954297976314527	 0.9247177558224826	 0.992375101755451	 0.5900774511380444	 0.8411727426776078	 0.09642452530619416	 0.6795734471063238	 0.9778259583167286	 0.2525062280863304	 0.20903684049859028	 0.5693198119550514	 0.5	 0.0196385954384527
0.2139031678462312	 0.6841567002798694	 0.5752005355342188	 0.8613595331499853	 0.8259555844351859	 0.3005731444673644	 0.29736937866213087	 0.686308313339339	 0.2622256531605831	 0.19836844715062285	 0.9957565764925496	 0.6059844723662152	 0.3795439326786433	 0.44228714331498253	 0.2989030593708827	 0.13718679978610615	 0.35020825144655887	 0.4562528136788456	 0.9803614045615473	 0.5

0.5	 0.9946260065956947	 0.6891553306450473	 0.18191880488313839	 0.25913212926033324	 0.1397294643991286	 0.0020521824457170323	 0.6937402813896743	 0.5493009109197035	 0.5358764488753096	 0.5092467740677348	 0.13630603718115353	 0.3909220215973941	 0.9055611756593037	 0.6936336987042397	 0.9043035365045021	 0.5632638500803187	 0.6234209661190104	 0.47409649998007075	 0.13705211023027053
0.005373993404305333	 0.5	 0.8579342331128887	 0.6261476588107817	 0.8069524596381681	 0.7562644695232948	 0.4007234300912407	 0.31205456834493805	 0.7192907444511619	 0.4995824510420014	 0.7118746299217569	 0.34903051814967967	 0.19415611973995706	 0.12301322245534052	 0.886159450361134	 0.7637144533107525	 0.5081951578989454	 0.4151188543081906	 0.09542636857115705	 0.42007522016113674
0.3108446693549527	 0.14206576688711126	 0.5	 0.3342948167101333	 0.9167883669990693	 0.46882770467253065	 0.012182889925404616	 0.1649086063010886	 0.27264846076497096	 0.28972100238431564	 0.9938098935396201	 0.38617853699262616	 0.9536451502426627	 0.3632791059531322	 0.4466009422698749	 0.6386256961073861	 0.6850554352482695	 0.3551322450904558	 0.7489033035799751	 0.9370963452911073
0.8180811951168616	 0.3738523411892183	 0.6657051832898667	 0.5	 0.290164619684104	 0.8789048605354596	 0.048949684055301756	 0.39081420376116094	 0.8170714028794533	 0.11929877847060333	 0.9689381683425469	 0.26380375769403774	 0.7545595016073874	 0.8174134024944572	 0.6706547971129919	 0.5466138477822066	 0.8627010035682153	 0.5162823603639027	 0.3986361814360876	 0.17218419903470605
0.7408678707396668	 0.19304754036183192	 0.08321163300093071	 0.709835380315896	 0.5	 0.6448334705361154	 0.06714605407548724	 0.883471032381382	 0.5018622341414878	 0.7697788989427725	 0.5307672844881125	 0.535690960975846	 0.7319911891924036	 0.8166498849668797	 0.7731372196598704	 0.18980268775476306	 0.42715476305742706	 0.5593142119148662	 0.25120779859620423	 0.26836507349371286
0.8602705356008714	 0.24373553047670515	 0.5311722953274693	 0.12109513946454042	 0.3551665294638846	 0.5	 0.47307747463250394	 0.6335661279147528	 0.711825282068283	 0.6276163055873577	 0.3603443353945739	 0.8372789341553115	 0.7858293908616999	 0.019007598226978617	 0.8595168632725025	 0.5022900521563808	 0.7493208952682592	 0.055102079493687284	 0.8288872370125497	 0.34649639344629624
0.997947817554283	 0.5992765699087593	 0.9878171100745954	 0.9510503159446982	 0.9328539459245128	 0.5269225253674961	 0.5	 0.04539032004667509	 0.8036482390015477	 0.10802574638158269	 0.9656144973396523	 0.5121384623064974	 0.6502397932592068	 0.19344155333613022	 0.6562860256135324	 0.6466097538304796	 0.8678243820809378	 0.6670899687432179	 0.5756864906041395	 0.6492973211688646
0.30625971861032575	 0.687945431655062	 0.8350913936989114	 0.6091857962388391	 0.11652896761861797	 0.36643387208524725	 0.9546096799533249	 0.5	 0.41042607207479087	 0.15412421682287214	 0.3375208484782657	 0.4401686002804577	 0.8087973828683921	 0.9232035166983151	 0.020266956320257434	 0.31469882226957213	 0.6873186869526611	 0.11083298744508396	 0.2207536813665676	 0.4171892552816905
0.45069908908029654	 0.2807092555488381	 0.727351539235029	 0.18292859712054665	 0.4981377658585122	 0.288174717931717	 0.1963517609984523	 0.5895739279252091	 0.5	 0.3443140849526619	 0.9506255123128553	 0.22463756894307985	 0.7486854551939642	 0.04205450627282081	 0.3190396402259027	 0.5850684703630162	 0.9981007904912963	 0.13807027906787972	 0.3710611115696051	 0.40181067144630334
0.4641235511246904	 0.5004175489579986	 0.7102789976156844	 0.8807012215293967	 0.23022110105722748	 0.3723836944126423	 0.8919742536184173	 0.8458757831771279	 0.6556859150473381	 0.5	 0.08768849896903896	 0.9559972450995244	 0.03246060779220783	 0.3753131130234767	 0.9577955587651519	 0.3420317254784707	 0.6396733685225633	 0.2736987964747508	 0.780870107616981	 0.18217119643491209
0.4907532259322652	 0.2881253700782431	 0.006190106460379874	 0.03106183165745313	 0.4692327155118875	 0.6396556646054261	 0.03438550266034768	 0.6624791515217343	 0.0493744876871447	 0.912311501030961	 0.5	 0.0740113296323971	 0.7953695988417013	 0.4909834063464451	 0.7657696485251998	 0.32383170056661814	 0.9358998691431007	 0.2426664319256966	 0.7725372664126896	 0.5264504740653672
0.8636939628188465	 0.6509694818503203	 0.6138214630073738	 0.7361962423059623	 0.464309039024154	 0.16272106584468848	 0.4878615376935026	 0.5598313997195423	 0.7753624310569202	 0.04400275490047556	 0.9259886703676029	 0.5	 0.8751182987687205	 0.171650176569077	 0.8329664982066534	 0.1910033983628895	 0.08875435294774836	 0.6201378456538246	 0.06626757955537432	 0.48412042616975337
0.6090779784026059	 0.8058438802600429	 0.04635484975733728	 0.24544049839261262	 0.2680088108075964	 0.2141706091383001	 0.3497602067407932	 0.1912026171316079	 0.25131454480603577	 0.9675393922077922	 0.20463040115829867	 0.12488170123127951	 0.5	 0.8587520934198705	 0.8105262100775846	 0.7352483138375501	 0.1721946723890012	 0.6073306188851624	 0.8040324375199549	 0.17417474512998443
0.09443882434069628	 0.8769867775446595	 0.6367208940468678	 0.18258659750554285	 0.18335011503312026	 0.9809924017730214	 0.8065584466638698	 0.07679648330168487	 0.9579454937271792	 0.6246868869765233	 0.5090165936535549	 0.828349823430923	 0.14124790658012953	 0.5	 0.05719011082222636	 0.5120970764108826	 0.46447156356950814	 0.4435001477598506	 0.5173469122449554	 0.672994851397709
0.30636630129576026	 0.11384054963886603	 0.5533990577301251	 0.3293452028870081	 0.22686278034012963	 0.14048313672749746	 0.34371397438646756	 0.9797330436797426	 0.6809603597740973	 0.04220444123484812	 0.2342303514748002	 0.16703350179334664	 0.18947378992241537	 0.9428098891777736	 0.5	 0.062469306580109296	 0.7444524158041455	 0.06980673035841456	 0.6965956789200732	 0.10168368931477367
0.09569646349549787	 0.2362855466892475	 0.36137430389261394	 0.45338615221779344	 0.810197312245237	 0.4977099478436192	 0.3533902461695204	 0.6853011777304279	 0.41493152963698376	 0.6579682745215293	 0.6761682994333819	 0.8089966016371105	 0.26475168616244993	 0.48790292358911735	 0.9375306934198907	 0.5	 0.486820504168451	 0.7090951945762384	 0.9392216147781115	 0.9261475913752165
0.43673614991968135	 0.4918048421010546	 0.3149445647517305	 0.13729899643178467	 0.5728452369425729	 0.2506791047317408	 0.13217561791906218	 0.3126813130473389	 0.001899209508703703	 0.3603266314774367	 0.06410013085689925	 0.9112456470522516	 0.8278053276109988	 0.5355284364304919	 0.25554758419585455	 0.513179495831549	 0.5	 0.04488280495439423	 0.14356212092679876	 0.8076087209500584
0.37657903388098957	 0.5848811456918094	 0.6448677549095442	 0.48371763963609726	 0.4406857880851338	 0.9448979205063127	 0.3329100312567821	 0.889167012554916	 0.8619297209321203	 0.7263012035252492	 0.7573335680743034	 0.37986215434617543	 0.3926693811148376	 0.5564998522401494	 0.9301932696415854	 0.2909048054237616	 0.9551171950456058	 0.5	 0.6766345284260151	 0.6592713478849779
0.5259035000199292	 0.904573631428843	 0.25109669642002486	 0.6013638185639124	 0.7487922014037958	 0.17111276298745026	 0.42431350939586054	 0.7792463186334324	 0.6289388884303949	 0.21912989238301905	 0.2274627335873104	 0.9337324204446257	 0.1959675624800451	 0.48265308775504456	 0.30340432107992676	 0.0607783852218885	 0.8564378790732012	 0.3233654715739849	 0.5	 0.9512944102710245
0.8629478897697295	 0.5799247798388633	 0.0629036547088927	 0.827815800965294	 0.7316349265062871	 0.6535036065537038	 0.3507026788311354	 0.5828107447183095	 0.5981893285536967	 0.8178288035650879	 0.47354952593463284	 0.5158795738302466	 0.8258252548700156	 0.327005148602291	 0.8983163106852263	 0.07385240862478348	 0.19239127904994158	 0.3407286521150221	 0.04870558972897554	 0.5

0.5	 0.6891367665566753	 0.5062939603328129	 0.4431301009215256	 0.721226270135857	 0.36846787695945393	 0.2183675194403656	 0.5239770778526417	 0.05889581281020828	 0.8073463625435762	 0.4626900688655178	 0.16867706113401293	 0.8023283086618277	 0.10602145478449654	 0.6873730271989624	 0.1198040042858971	 0.5651313060254252	 0.4164888084182844	 0.1567512035237748	 0.12671443787633863
0.31086323344332467	 0.5	 0.04230069297522654	 0.40596493975412096	 0.7985369880047192	 0.7989112159196147	 0.9122002305839468	 0.2196914659177911	 0.7642703950791302	 0.3930783801240093	 0.9717496753694307	 0.944808179253908	 0.33883785202400984	 0.868045811694749	 0.30514492185658215	 0.43738642202925637	 0.6717463562302404	 0.9179198488451816	 0.26397322569757853	 0.5163150877500824
0.49370603966718707	 0.9576993070247735	 0.5	 0.17100381561008882	 0.8508413833753006	 0.045374221507899826	 0.9505837576576806	 0.29987066566943754	 0.11931061179219371	 0.6949382981923328	 0.37060827228787674	 0.9474114490310342	 0.027743597059557756	 0.4323215454556737	 0.21959659741716653	 0.5056895132214414	 0.6439024058530667	 0.30009618362610335	 0.12755341617872007	 0.2796119296231241
0.5568698990784744	 0.594035060245879	 0.8289961843899112	 0.5	 0.22306722711864835	 0.27014446755728094	 0.6383740557950405	 0.879845711987215	 0.5172957146944006	 0.10694278243900557	 0.049579828560800676	 0.8048906850228345	 0.1868405929675726	 0.4833720828182686	 0.2345982284657081	 0.5053078494418166	 0.15677412141406022	 0.07222962490816154	 0.7090931540103362	 0.841267253233733
0.27877372986414295	 0.20146301199528083	 0.14915861662469942	 0.7769327728813517	 0.5	 0.16909385943865696	 0.5954062388296597	 0.8757018580935727	 0.9939921269570536	 0.9690607211879778	 0.10273204930252378	 0.33563676164681266	 0.5723411120273927	 0.5342476652526579	 0.07378318980185816	 0.39096227950950824	 0.8676839161599825	 0.5057527249928206	 0.28848065466947337	 0.3779576067438446
0.6315321230405461	 0.20108878408038533	 0.9546257784921002	 0.7298555324427191	 0.830906140561343	 0.5	 0.9533900981700862	 0.5132578027499786	 0.7961016054395321	 0.26982865357982555	 0.5996645592463191	 0.39909047861853053	 0.7273626254618873	 0.06613361328014533	 0.7801274446458654	 0.44117271885103293	 0.14052343687126934	 0.8466381319051275	 0.8834502106918062	 0.550717408032095
0.7816324805596344	 0.08779976941605316	 0.04941624234231945	 0.3616259442049595	 0.4045937611703403	 0.04660990182991376	 0.5	 0.5699986199688322	 0.008917871253356968	 0.6115237955974664	 0.07775967216692603	 0.4547537730440604	 0.1318774624790905	 0.9450485827567263	 0.2960866608211379	 0.16380209543006063	 0.11145667483948574	 0.4881003687166767	 0.858856204470778	 0.9074058694214391
0.4760229221473583	 0.7803085340822089	 0.7001293343305625	 0.12015428801278505	 0.1242981419064273	 0.48674219725002144	 0.43000138003116783	 0.5	 0.7001462968427585	 0.9651400867528064	 0.5171711708455278	 0.4251267841492108	 0.34853717950843577	 0.6370996024538635	 0.17610276890144183	 0.9756578325726227	 0.2949784331929043	 0.9275895379415028	 0.9261330871889473	 0.818408902913242
0.9411041871897917	 0.2357296049208698	 0.8806893882078063	 0.4827042853055994	 0.006007873042946366	 0.20389839456046788	 0.991082128746643	 0.29985370315724147	 0.5	 0.17852120498948199	 0.6059394950311994	 0.03271303154890892	 0.0731068668199999	 0.06067714422133552	 0.46069471486723956	 0.9926090486694595	 0.5712102347160986	 0.6331212527698213	 0.5153578310682565	 0.6729380836739262
0.19265363745642383	 0.6069216198759907	 0.30506170180766723	 0.8930572175609944	 0.030939278812022186	 0.7301713464201744	 0.3884762044025336	 0.03485991324719362	 0.821478795010518	 0.5	 0.07172764848869417	 0.5613210104082154	 0.48757781433471836	 0.23726725245159674	 0.004068270213366421	 0.3681750638543675	 0.37365267416785974	 0.03288062672570091	 0.7218410543005188	 0.9970962361829214
0.5373099311344822	 0.028250324630569312	 0.6293917277121233	 0.9504201714391993	 0.8972679506974762	 0.4003354407536809	 0.922240327833074	 0.4828288291544722	 0.39406050496880063	 0.9282723515113058	 0.5	 0.7521264877146423	 0.8642929246788766	 0.10405988318203951	 0.21057503133908417	 0.6434252542156405	 0.11031558347705506	 0.22399908674973135	 0.27811210064351044	 0.5368902092143316
0.8313229388659871	 0.05519182074609197	 0.05258855096896575	 0.19510931497716555	 0.6643632383531873	 0.6009095213814695	 0.5452462269559396	 0.5748732158507892	 0.9672869684510911	 0.43867898959178464	 0.2478735122853577	 0.5	 0.9554581193175308	 0.7209844666418397	 0.9865085327557057	 0.502231501081315	 0.6011733091996143	 0.45669284140109356	 0.8658554680942496	 0.13933860964350842
0.1976716913381723	 0.6611621479759902	 0.9722564029404422	 0.8131594070324274	 0.4276588879726073	 0.27263737453811265	 0.8681225375209095	 0.6514628204915642	 0.9268931331800001	 0.5124221856652816	 0.13570707532112336	 0.044541880682469226	 0.5	 0.6984323264704803	 0.01507298156046577	 0.666165593597686	 0.4885487036524162	 0.40034158052691127	 0.6137893216947427	 0.5424406003103487
0.8939785452155035	 0.13195418830525096	 0.5676784545443263	 0.5166279171817314	 0.4657523347473421	 0.9338663867198547	 0.05495141724327368	 0.36290039754613646	 0.9393228557786645	 0.7627327475484033	 0.8959401168179605	 0.2790155333581603	 0.30156767352951974	 0.5	 0.9228877423785636	 0.37199007712266174	 0.03512926948231032	 0.11007026736018866	 0.474463076501925	 0.8144428115994696
0.3126269728010376	 0.6948550781434178	 0.7804034025828335	 0.7654017715342919	 0.9262168101981418	 0.21987255535413464	 0.7039133391788621	 0.8238972310985582	 0.5393052851327604	 0.9959317297866336	 0.7894249686609158	 0.013491467244294286	 0.9849270184395342	 0.07711225762143636	 0.5	 0.25560368542805667	 0.5178108588910263	 0.009100848000361261	 0.06077164559713233	 0.5560095669129571
0.8801959957141029	 0.5626135779707436	 0.4943104867785586	 0.4946921505581834	 0.6090377204904918	 0.5588272811489671	 0.8361979045699394	 0.02434216742737727	 0.007390951330540463	 0.6318249361456325	 0.35657474578435955	 0.497768498918685	 0.333834406402314	 0.6280099228773383	 0.7443963145719433	 0.5	 0.9521913760941606	 0.15648506329781697	 0.5842424888752347	 0.027512646542636854
0.43486869397457484	 0.32825364376975963	 0.3560975941469333	 0.8432258785859398	 0.13231608384001747	 0.8594765631287307	 0.8885433251605143	 0.7050215668070957	 0.42878976528390145	 0.6263473258321403	 0.8896844165229449	 0.3988266908003857	 0.5114512963475838	 0.9648707305176897	 0.4821891411089737	 0.0478086239058394	 0.5	 0.5350481149269513	 0.9274695321548272	 0.32225335705801905
0.5835111915817156	 0.08208015115481837	 0.6999038163738966	 0.9277703750918385	 0.49424727500717935	 0.1533618680948725	 0.5118996312833233	 0.07241046205849722	 0.36687874723017866	 0.9671193732742991	 0.7760009132502687	 0.5433071585989064	 0.5996584194730887	 0.8899297326398113	 0.9908991519996387	 0.843514936702183	 0.46495188507304874	 0.5	 0.5543467441623516	 0.40498977911826306
0.8432487964762252	 0.7360267743024215	 0.8724465838212799	 0.29090684598966376	 0.7115193453305266	 0.11654978930819382	 0.14114379552922196	 0.07386691281105273	 0.4846421689317435	 0.2781589456994812	 0.7218878993564896	 0.13414453190575037	 0.38621067830525735	 0.525536923498075	 0.9392283544028677	 0.41575751112476533	 0.07253046784517281	 0.44565325583764837	 0.5	 0.5058980474972637
0.8732855621236614	 0.4836849122499176	 0.7203880703768759	 0.15873274676626703	 0.6220423932561554	 0.449282591967905	 0.09259413057856092	 0.18159109708675802	 0.32706191632607384	 0.002903763817078575	 0.4631097907856684	 0.8606613903564916	 0.4575593996896513	 0.18555718840053037	 0.4439904330870429	 0.9724873534573631	 0.677746642941981	 0.5950102208817369	 0.49410195250273625	 0.5

0.5	 0.6889757759130554	 0.5712715671772378	 0.2123684807719255	 0.2022511836377624	 0.15316084579980282	 0.40761837781026355	 0.1982671932543233	 0.8884686447374758	 0.2718028540415097	 0.1725467042710096	 0.276478737703197	 0.8117419650567368	 0.4091016431640765	 0.1645342161456752	 0.7124876407989725	 0.31415024751540477	 0.14054205651832696	 0.16840437398843655	 0.154717019865812
0.31102422408694463	 0.5	 0.7751452850452614	 0.7551332364156237	 0.611081955894762	 0.9105685980810194	 0.9453013693774752	 0.886128187615878	 0.11643546908329772	 0.7891900665614908	 0.6092210564661248	 0.3422752396979626	 0.4777920289015245	 0.04054184650891979	 0.885732780010604	 0.3220048059302173	 0.1536232172892309	 0.5463110435298226	 0.7010554056467284	 0.5845571167647892
0.4287284328227622	 0.22485471495473863	 0.5	 0.010065998461243786	 0.8254472152938855	 0.22939392122882196	 0.8249071678297836	 0.1833557858027054	 0.6055715093779949	 0.38546934401370114	 0.4534450498279974	 0.6159129012932977	 0.681236593271884	 0.7747750852206146	 0.21672213759371728	 0.03173841074939432	 0.5309917537629671	 0.8598910887509621	 0.6121736105995141	 0.8599383898186604
0.7876315192280745	 0.2448667635843763	 0.9899340015387562	 0.5	 0.6974344706855542	 0.4849761581161416	 0.8475809112681568	 0.8896108171715824	 0.2479053441099064	 0.31559779522490194	 0.17513852200221258	 0.24499231548249756	 0.7282109166277232	 0.19734804365794023	 0.7903407775231983	 0.6066767120785007	 0.8977346601491413	 0.9142331680002187	 0.12750675804697365	 0.47288139596535994
0.7977488163622376	 0.388918044105238	 0.17455278470611446	 0.3025655293144458	 0.5	 0.19152346781762564	 0.33661313880374666	 0.3066123511347476	 0.6541510788443231	 0.29341329030835706	 0.4885073911929153	 0.6901999648773561	 0.1255530466076471	 0.42398415478647744	 0.6353709983967801	 0.9944886141326603	 0.822332062946294	 0.9481115849545498	 0.09598522658580277	 0.16540791986552272
0.8468391542001972	 0.08943140191898058	 0.770606078771178	 0.5150238418838584	 0.8084765321823744	 0.5	 0.9581566240100688	 0.6891076866580873	 0.11589559798502758	 0.278131656347014	 0.969503214580627	 0.8999218589206509	 0.8048688618140486	 0.04778782549636673	 0.24538831859696875	 0.1865976539005103	 0.8371303542766166	 0.14937368136190443	 0.38857269188412824	 0.8051591285294075
0.5923816221897364	 0.05469863062252478	 0.17509283217021643	 0.15241908873184318	 0.6633868611962533	 0.04184337598993115	 0.5	 0.34068157311295255	 0.43650607296710164	 0.8725261303697543	 0.6603259879234643	 0.16078702174016968	 0.32148846018125765	 0.6078553616625375	 0.022933927703493784	 0.47275861357213367	 0.03327832439332079	 0.11256091876813656	 0.45266302118525015	 0.5404549154098708
0.8017328067456767	 0.11387181238412203	 0.8166442141972946	 0.11038918282841759	 0.6933876488652524	 0.3108923133419127	 0.6593184268870474	 0.5	 0.2052892845259856	 0.6924044088041231	 0.6636533342435993	 0.2694513094319261	 0.2615646007028549	 0.2808298789100384	 0.10281370705886483	 0.08762671996516957	 0.3677100118489104	 0.3622984583347465	 0.8241064453896642	 0.6009510063341643
0.11153135526252422	 0.8835645309167023	 0.39442849062200513	 0.7520946558900936	 0.3458489211556769	 0.8841044020149724	 0.5634939270328984	 0.7947107154740144	 0.5	 0.29207523155901516	 0.7085588151074836	 0.8368163819961494	 0.4185469253629215	 0.383025231635044	 0.4942902923017123	 0.48179059020920023	 0.5186386916009644	 0.009744168130032538	 0.7267192882578456	 0.5468603966494637
0.7281971459584903	 0.21080993343850918	 0.6145306559862989	 0.684402204775098	 0.706586709691643	 0.721868343652986	 0.12747386963024565	 0.30759559119587687	 0.7079247684409848	 0.5	 0.5357893204552415	 0.2368657054893919	 0.8232240669628713	 0.7711345253784477	 0.38986686739845566	 0.20732589502589527	 0.6016068813478949	 0.10757894633566512	 0.7484697562342251	 0.6931856544722527
0.8274532957289904	 0.3907789435338752	 0.5465549501720026	 0.8248614779977874	 0.5114926088070847	 0.03049678541937295	 0.3396740120765357	 0.3363466657564007	 0.29144118489251636	 0.4642106795447585	 0.5	 0.9096263748608123	 0.6142748050427602	 0.9170797467282281	 0.5407719430304921	 0.6135471588589273	 0.12697321143504492	 0.8850003940699747	 0.2843378301173438	 0.6898782435231263
0.723521262296803	 0.6577247603020374	 0.3840870987067023	 0.7550076845175024	 0.30980003512264387	 0.10007814107934909	 0.8392129782598303	 0.7305486905680739	 0.16318361800385062	 0.7631342945106081	 0.09037362513918767	 0.5	 0.9290416979818362	 0.42017813103661605	 0.0315436338310362	 0.7201349459122209	 0.4796239369443259	 0.3022917027371521	 0.8344127563282097	 0.1753737953481891
0.1882580349432632	 0.5222079710984755	 0.318763406728116	 0.2717890833722768	 0.8744469533923529	 0.1951311381859514	 0.6785115398187423	 0.7384353992971451	 0.5814530746370785	 0.17677593303712869	 0.3857251949572398	 0.07095830201816378	 0.5	 0.8868107608098046	 0.011035123340965569	 0.15101700621861214	 0.4954138978238749	 0.21984713547107826	 0.4453084270470745	 0.6759985181725
0.5908983568359235	 0.9594581534910802	 0.22522491477938544	 0.8026519563420598	 0.5760158452135226	 0.9522121745036333	 0.3921446383374625	 0.7191701210899616	 0.616974768364956	 0.22886547462155227	 0.08292025327177188	 0.579821868963384	 0.11318923919019541	 0.5	 0.11707186320532137	 0.9428764329852005	 0.5390689388054606	 0.7721362643891794	 0.2864020082600214	 0.7224496182055641
0.8354657838543248	 0.11426721998939604	 0.7832778624062827	 0.2096592224768017	 0.36462900160321987	 0.7546116814030313	 0.9770660722965062	 0.8971862929411352	 0.5057097076982877	 0.6101331326015443	 0.45922805696950786	 0.9684563661689638	 0.9889648766590344	 0.8829281367946786	 0.5	 0.9608859185404431	 0.9705169855806725	 0.7018471729278636	 0.6120038294160659	 0.43677922743597786
0.28751235920102747	 0.6779951940697827	 0.9682615892506057	 0.3933232879214993	 0.00551138586733968	 0.8134023460994897	 0.5272413864278663	 0.9123732800348304	 0.5182094097907998	 0.7926741049741047	 0.3864528411410727	 0.27986505408777906	 0.8489829937813879	 0.05712356701479948	 0.03911408145955686	 0.5	 0.5234720777984837	 0.7783697807923022	 0.14874110521259465	 0.6197128945955322
0.6858497524845952	 0.8463767827107691	 0.46900824623703286	 0.10226533985085873	 0.17766793705370598	 0.16286964572338336	 0.9667216756066792	 0.6322899881510896	 0.48136130839903557	 0.39839311865210514	 0.8730267885649551	 0.5203760630556741	 0.5045861021761251	 0.4609310611945394	 0.029483014419327547	 0.4765279222015163	 0.5	 0.7922931385413512	 0.5970468880391262	 0.21181498467650106
0.859457943481673	 0.4536889564701774	 0.1401089112490379	 0.0857668319997813	 0.051888415045450165	 0.8506263186380956	 0.8874390812318634	 0.6377015416652535	 0.9902558318699675	 0.8924210536643349	 0.11499960593002534	 0.6977082972628479	 0.7801528645289217	 0.22786373561082063	 0.2981528270721364	 0.22163021920769777	 0.2077068614586488	 0.5	 0.8441528206492532	 0.3308408720345333
0.8315956260115634	 0.2989445943532716	 0.38782638940048586	 0.8724932419530264	 0.9040147734141972	 0.6114273081158718	 0.5473369788147499	 0.17589355461033584	 0.2732807117421544	 0.25153024376577493	 0.7156621698826562	 0.16558724367179034	 0.5546915729529255	 0.7135979917399786	 0.3879961705839341	 0.8512588947874054	 0.4029531119608738	 0.15584717935074677	 0.5	 0.4102768238033131
0.845282980134188	 0.41544288323521084	 0.14006161018133956	 0.5271186040346401	 0.8345920801344773	 0.19484087147059248	 0.4595450845901292	 0.3990489936658357	 0.45313960335053627	 0.30681434552774733	 0.3101217564768737	 0.8246262046518109	 0.3240014818275	 0.2775503817944359	 0.5632207725640221	 0.38028710540446775	 0.7881850153234989	 0.6691591279654667	 0.5897231761966869	 0.5

0.5	 0.8793286782743537	 0.515231074719718	 0.8462387221378085	 0.384236177344903	 0.548886266169363	 0.7913808121197621	 0.28529785678768493	 0.1251849472138068	 0.15622169650832196	 0.13507057000004297	 0.3215093051810425	 0.31950810825337317	 0.1506883137625299	 0.9270388355006156	 0.031383096863680904	 0.2156904700591471	 0.6399544629824965	 0.11981732929439137	 0.341770439921547
0.12067132172564632	 0.5	 0.4774582880666657	 0.21548913223799393	 0.8440823312330259	 0.14385916865739357	 0.6688696526808462	 0.9056727810332154	 0.1368714343892824	 0.1781202893895656	 0.3245420283675108	 0.5199921600617726	 0.9079068840619172	 0.473683684304806	 0.5733095603667469	 0.8831284046661543	 0.47218126617126377	 0.8765971242712671	 0.6361412916546069	 0.9743502275052752
0.48476892528028204	 0.5225417119333343	 0.5	 0.7201249622645155	 0.7336497288901832	 0.902940470439529	 0.7854748156134734	 0.27108912519696726	 0.11191701828859402	 0.7078847682397885	 0.7897612570043893	 0.7615417732674292	 0.028912021009938393	 0.36925547369265854	 0.27445219571646406	 0.7562888452323496	 0.044202481106213054	 0.5372435579270104	 0.4312816239223267	 0.6391960187504601
0.15376127786219151	 0.7845108677620061	 0.2798750377354845	 0.5	 0.22058194927894337	 0.4020089880600666	 0.02211788124631575	 0.23930121745282118	 0.9013579475057688	 0.8543091058359129	 0.6410126391770472	 0.8788717487711017	 0.9700477406582587	 0.26230067928277445	 0.07927827657652609	 0.9918740003955702	 0.2597485519324141	 0.13065956862085992	 0.06681719844245293	 0.45448789069800355
0.615763822655097	 0.1559176687669741	 0.2663502711098168	 0.7794180507210566	 0.5	 0.5616757221853216	 0.5419507655203276	 0.7107789832061501	 0.2937122663005608	 0.2458383679241385	 0.9452207314569908	 0.2817221115382371	 0.4957711980019427	 0.8515496248895614	 0.553073133615026	 0.607808741567803	 0.2229457322716446	 0.13144425095622503	 0.3360278085063698	 0.22916301515654824
0.451113733830637	 0.8561408313426064	 0.09705952956047104	 0.5979910119399334	 0.4383242778146784	 0.5	 0.8656192766489675	 0.939903273076295	 0.36175238551784583	 0.6373740831806434	 0.005739042961096508	 0.04526191869677498	 0.016794388796805615	 0.37922764331067405	 0.5485599035308331	 0.4149036897182551	 0.4697312947381054	 0.5391004172421214	 0.9914514371421816	 0.7733199080167279
0.20861918788023792	 0.3311303473191538	 0.21452518438652657	 0.9778821187536842	 0.4580492344796724	 0.13438072335103246	 0.5	 0.587194793171201	 0.13105399357545855	 0.04171248256410631	 0.26544043052418187	 0.3980145454566093	 0.22951623315188086	 0.5697519511375783	 0.8710183631252836	 0.11576599248129371	 0.2465393944726526	 0.1896586054017031	 0.8105774994209989	 0.6762954651323221
0.7147021432123151	 0.09432721896678464	 0.7289108748030327	 0.7606987825471788	 0.2892210167938499	 0.060096726923705046	 0.41280520682879895	 0.5	 0.6239762846226315	 0.5960964946107122	 0.5594082420200908	 0.7243354793435202	 0.35051697481801025	 0.15462710790281775	 0.2433241423067396	 0.99211154128592	 0.13638023570570568	 0.14197281012680207	 0.12836767955626893	 0.05288122127912198
0.8748150527861932	 0.8631285656107176	 0.888082981711406	 0.09864205249423119	 0.7062877336994392	 0.6382476144821542	 0.8689460064245415	 0.37602371537736845	 0.5	 0.7825556074385561	 0.4634007308660375	 0.6363807600520381	 0.5036353364327234	 0.2668430739703682	 0.6363200617725989	 0.8193315190067236	 0.7337299310940325	 0.33553971631812685	 0.32234991773263577	 0.5075161258486413
0.843778303491678	 0.8218797106104344	 0.2921152317602115	 0.1456908941640871	 0.7541616320758615	 0.36262591681935663	 0.9582875174358937	 0.40390350538928776	 0.21744439256144388	 0.5	 0.5700068824210016	 0.9374732719756962	 0.7145286842620107	 0.4102302810312446	 0.25400017720143564	 0.6661849972278704	 0.6420004330817413	 0.2922322149379807	 0.4031137583662212	 0.4864151885386102
0.864929429999957	 0.6754579716324892	 0.21023874299561074	 0.3589873608229528	 0.054779268543009185	 0.9942609570389035	 0.7345595694758181	 0.44059175797990924	 0.5365992691339625	 0.4299931175789984	 0.5	 0.3414272154648549	 0.9752949321041335	 0.8351960705536355	 0.4126465228561922	 0.4625409828248893	 0.32137285417000494	 0.39472526871335445	 0.48031193680603557	 0.024662183370182444
0.6784906948189575	 0.4800078399382274	 0.23845822673257078	 0.12112825122889825	 0.7182778884617629	 0.954738081303225	 0.6019854545433907	 0.27566452065647984	 0.36361923994796186	 0.06252672802430381	 0.6585727845351451	 0.5	 0.54238356485566	 0.2088584010634157	 0.3043753346488973	 0.7216768419188179	 0.15133264098633914	 0.12288679895795052	 0.7553447859516798	 0.18487724143019502
0.6804918917466268	 0.09209311593808278	 0.9710879789900616	 0.029952259341741283	 0.5042288019980573	 0.9832056112031944	 0.7704837668481191	 0.6494830251819897	 0.4963646635672766	 0.28547131573798934	 0.02470506789586646	 0.45761643514434003	 0.5	 0.6204862704207048	 0.41717886332397935	 0.7993798210106628	 0.5562361249894315	 0.34452185499023635	 0.291480728305182	 0.34700553957224156
0.8493116862374701	 0.526316315695194	 0.6307445263073415	 0.7376993207172255	 0.14845037511043857	 0.620772356689326	 0.43024804886242174	 0.8453728920971822	 0.7331569260296318	 0.5897697189687554	 0.16480392944636446	 0.7911415989365843	 0.3795137295792952	 0.5	 0.999097898967682	 0.8200646654271766	 0.017484117847779146	 0.03404817034310448	 0.578934593927086	 0.04774434068860889
0.07296116449938439	 0.42669043963325315	 0.7255478042835359	 0.9207217234234739	 0.44692686638497403	 0.45144009646916694	 0.12898163687471642	 0.7566758576932604	 0.3636799382274011	 0.7459998227985644	 0.5873534771438078	 0.6956246653511027	 0.5828211366760206	 9.021010323180256E-4	 0.5	 0.10686004385279535	 0.21875814386805514	 0.2837281821540284	 0.038881839627502024	 0.31949564800829344
0.9686169031363191	 0.11687159533384572	 0.24371115476765037	 0.008125999604429834	 0.39219125843219704	 0.5850963102817449	 0.8842340075187063	 0.007888458714079949	 0.18066848099327637	 0.3338150027721296	 0.5374590171751107	 0.27832315808118213	 0.20062017898933715	 0.1799353345728234	 0.8931399561472046	 0.5	 0.12068811661418599	 0.8217054962850862	 0.9661440324145393	 0.8454610430277584
0.7843095299408529	 0.5278187338287362	 0.955797518893787	 0.7402514480675859	 0.7770542677283554	 0.5302687052618946	 0.7534606055273474	 0.8636197642942943	 0.2662700689059675	 0.35799956691825874	 0.6786271458299951	 0.8486673590136609	 0.44376387501056846	 0.9825158821522209	 0.7812418561319449	 0.879311883385814	 0.5	 0.9497455439998874	 0.23356511775530453	 0.9359795965877064
0.3600455370175035	 0.12340287572873287	 0.4627564420729896	 0.8693404313791401	 0.868555749043775	 0.46089958275787857	 0.8103413945982969	 0.8580271898731979	 0.6644602836818732	 0.7077677850620193	 0.6052747312866456	 0.8771132010420495	 0.6554781450097636	 0.9659518296568955	 0.7162718178459716	 0.17829450371491384	 0.05025445600011258	 0.5	 0.534271704419641	 0.077940049867398
0.8801826707056086	 0.36385870834539313	 0.5687183760776733	 0.9331828015575471	 0.6639721914936302	 0.008548562857818354	 0.18942250057900112	 0.8716323204437311	 0.6776500822673642	 0.5968862416337788	 0.5196880631939644	 0.24465521404832025	 0.708519271694818	 0.421065406072914	 0.961118160372498	 0.03385596758546072	 0.7664348822446955	 0.465728295580359	 0.5	 0.28700057441070903
0.658229560078453	 0.025649772494724776	 0.36080398124953994	 0.5455121093019965	 0.7708369848434518	 0.2266800919832721	 0.3237045348676779	 0.947118778720878	 0.49248387415135875	 0.5135848114613898	 0.9753378166298176	 0.815122758569805	 0.6529944604277584	 0.9522556593113911	 0.6805043519917066	 0.15453895697224163	 0.06402040341229365	 0.922059950132602	 0.712999425589291	 0.5

0.5	 0.8304828039155152	 0.10336347086409825	 0.4260705766179307	 0.16492173226559836	 0.6826105284982402	 0.933141749335022	 0.39932332643918833	 0.7772963266936076	 0.7843639072338225	 0.3533994458063062	 0.22600487903752853	 0.3452017983256044	 0.4423401060603862	 0.054807753464618525	 0.7158491327567226	 0.7417540656726798	 0.12192640435497326	 0.971729246575602	 0.2939665665674128
0.1695171960844848	 0.5	 0.4808374103708113	 0.45778637087809604	 0.9159583939074417	 0.10665663934449132	 0.394493280362447	 0.6822398050537669	 0.8963989177465987	 0.1491326350305081	 0.7073205977956725	 0.08997464396484856	 0.263868787350809	 0.35830497720835175	 0.9913170481201194	 0.8772562677536713	 0.891512553203715	 0.599120061223999	 0.4465039259783318	 0.19477615550054095
0.8966365291359017	 0.5191625896291887	 0.5	 0.7038397712176535	 0.7395536996755374	 0.44584188014392934	 0.5355081418463259	 0.0011974787796440456	 0.557209410666965	 0.3073584878218216	 0.6424173168854964	 0.19152360531452406	 0.04957384545844645	 0.8120731438681179	 0.9655931531247509	 0.7375171864763149	 0.8303324923603975	 0.07321830595500678	 0.3243548080854878	 0.35490069060447216
0.5739294233820693	 0.542213629121904	 0.2961602287823465	 0.5	 0.6857513275445564	 0.9804204507357248	 0.8371034099781369	 0.7562382877888507	 0.0379805110849879	 0.5919182000813538	 0.37017248841494255	 0.5248133882234645	 0.01623886933249974	 0.5285591194761693	 0.7266543819190635	 0.024357727575996635	 0.07218878405717988	 0.635230613066974	 0.5471567684795607	 0.602963114991213
0.8350782677344016	 0.08404160609255829	 0.2604463003244626	 0.31424867245544363	 0.5	 0.5924126982584723	 0.9185443353793871	 0.4266705421810836	 0.733296429139978	 0.7587545544252638	 0.044008263991506036	 0.06520622045751467	 0.1462771487123481	 0.9863902704870734	 0.4815836016034496	 0.3645831926581684	 0.461665842927259	 0.6298436927545219	 0.7254385166340566	 0.2597320122863972
0.3173894715017598	 0.8933433606555087	 0.5541581198560707	 0.019579549264275187	 0.4075873017415277	 0.5	 0.29655140147521264	 0.28876528906481214	 0.8818745723940083	 0.7300974385954346	 0.3415133236440021	 0.9681430797535236	 0.31881574302189697	 0.8752053527170199	 0.4342750950553047	 0.5517163114621221	 9.13767394943088E-4	 0.15818424108458018	 0.23195290505524635	 0.5327144539399998
0.06685825066497797	 0.605506719637553	 0.4644918581536741	 0.16289659002186307	 0.08145566462061293	 0.7034485985247874	 0.5	 0.5962381591100038	 0.9220080485134897	 0.685544036214901	 0.7126450375387652	 0.43368278754197764	 0.06545359835203723	 0.15408743451450735	 0.6267062418269136	 0.9146351216464962	 0.32924271093795276	 0.6609684036541457	 0.7835007154194976	 0.03811841833773533
0.6006766735608117	 0.3177601949462331	 0.998802521220356	 0.24376171221114928	 0.5733294578189164	 0.7112347109351879	 0.4037618408899962	 0.5	 0.987565581105392	 0.49112864394340006	 0.4170796237137313	 0.2855312366321887	 0.8661584520291135	 0.055481424030172755	 0.3409467935677811	 0.22927232457858293	 0.5153351164638881	 0.7076210969562425	 0.6665048385734539	 0.8789535739031158
0.2227036733063924	 0.10360108225340126	 0.44279058933303495	 0.9620194889150121	 0.26670357086002205	 0.11812542760599165	 0.07799195148651028	 0.012434418894607946	 0.5	 0.05484876427511043	 0.9879552138779952	 0.602526174588027	 0.9595672662241186	 0.677186731648502	 0.5916763578812438	 0.28758430149537595	 0.027888241386700208	 0.046877491245082004	 0.209530008387537	 0.6239811021866085
0.21563609276617746	 0.8508673649694919	 0.6926415121781784	 0.40808179991864624	 0.24124544557473615	 0.26990256140456537	 0.314455963785099	 0.5088713560565999	 0.9451512357248896	 0.5	 0.5765555916337176	 0.8656159342683698	 0.27412383646329697	 0.3795585595258736	 0.04969239749358467	 0.6864893369108441	 0.5595628974083471	 0.40288420818548143	 0.9995864088697686	 0.6553129262889918
0.6466005541936938	 0.29267940220432753	 0.3575826831145036	 0.6298275115850575	 0.955991736008494	 0.6584866763559979	 0.2873549624612348	 0.5829203762862687	 0.01204478612200477	 0.4234444083662824	 0.5	 0.5284841250087564	 0.6576513985968699	 0.4508682010649553	 0.23306102238868787	 0.29810265471482256	 0.923736922382003	 0.9067878096902039	 0.11060530616725373	 0.1056716617368314
0.7739951209624715	 0.9100253560351514	 0.8084763946854759	 0.47518661177653554	 0.9347937795424853	 0.03185692024647635	 0.5663172124580224	 0.7144687633678113	 0.39747382541197296	 0.1343840657316302	 0.4715158749912436	 0.5	 0.43521044775924267	 0.33160472518331685	 0.4654495750856241	 0.19379647542967549	 0.42969116865176193	 0.873770107345701	 0.429875806415978	 0.10733235083346027
0.6547982016743956	 0.736131212649191	 0.9504261545415535	 0.9837611306675003	 0.8537228512876519	 0.681184256978103	 0.9345464016479628	 0.13384154797088654	 0.04043273377588141	 0.725876163536703	 0.34234860140313006	 0.5647895522407573	 0.5	 0.5687993177393421	 0.056494326815964335	 0.1408936280120836	 0.4961352448913722	 0.4560510939803899	 0.6554567831791247	 0.024611460312723765
0.5576598939396138	 0.6416950227916483	 0.1879268561318821	 0.4714408805238307	 0.013609729512926605	 0.12479464728298006	 0.8459125654854927	 0.9445185759698272	 0.32281326835149804	 0.6204414404741264	 0.5491317989350447	 0.6683952748166831	 0.4312006822606579	 0.5	 0.6517228612135881	 0.0263977466957539	 0.5078294315438859	 0.031124370707591886	 0.17094336993011738	 0.4107106420624621
0.9451922465353815	 0.008682951879880552	 0.034406846875249086	 0.2733456180809365	 0.5184163983965504	 0.5657249049446953	 0.3732937581730864	 0.6590532064322189	 0.40832364211875616	 0.9503076025064153	 0.7669389776113121	 0.5345504249143759	 0.9435056731840357	 0.34827713878641187	 0.5	 0.052448812569943715	 0.3807402375649691	 0.3360375846649999	 0.9888658423485375	 0.4878862476970851
0.2841508672432774	 0.12274373224632873	 0.2624828135236851	 0.9756422724240034	 0.6354168073418316	 0.4482836885378779	 0.08536487835350381	 0.7707276754214171	 0.712415698504624	 0.31351066308915587	 0.7018973452851774	 0.8062035245703245	 0.8591063719879164	 0.9736022533042461	 0.9475511874300563	 0.5	 0.00834209659665286	 0.028019520166631007	 0.736683561691262	 0.05332917697990058
0.25824593432732024	 0.10848744679628497	 0.16966750763960248	 0.9278112159428201	 0.538334157072741	 0.9990862326050569	 0.6707572890620472	 0.4846648835361119	 0.9721117586132998	 0.4404371025916529	 0.076263077617997	 0.5703088313482381	 0.5038647551086278	 0.49217056845611407	 0.6192597624350309	 0.9916579034033471	 0.5	 0.2999116395039385	 0.24908975931279598	 0.6448287965005289
0.8780735956450267	 0.40087993877600103	 0.9267816940449932	 0.36476938693302596	 0.3701563072454781	 0.8418157589154198	 0.33903159634585434	 0.29237890304375747	 0.953122508754918	 0.5971157918145186	 0.0932121903097961	 0.12622989265429896	 0.5439489060196101	 0.9688756292924081	 0.6639624153350001	 0.971980479833369	 0.7000883604960615	 0.5	 0.08660143620428129	 0.9037148168580076
0.028270753424398	 0.5534960740216682	 0.6756451919145122	 0.45284323152043926	 0.27456148336594344	 0.7680470949447536	 0.21649928458050238	 0.3334951614265461	 0.790469991612463	 4.135911302314277E-4	 0.8893946938327463	 0.570124193584022	 0.3445432168208753	 0.8290566300698826	 0.011134157651462528	 0.26331643830873797	 0.750910240687204	 0.9133985637957187	 0.5	 0.6198344667604814
0.7060334334325872	 0.805223844499459	 0.6450993093955278	 0.397036885008787	 0.7402679877136028	 0.46728554606000017	 0.9618815816622647	 0.12104642609688421	 0.3760188978133915	 0.34468707371100815	 0.8943283382631686	 0.8926676491665397	 0.9753885396872762	 0.5892893579375379	 0.5121137523029149	 0.9466708230200994	 0.35517120349947107	 0.09628518314199241	 0.3801655332395186	 0.5

0.5	 0.9589355228930366	 0.7389940101209587	 0.6488910591177088	 0.7257819289700591	 0.558352654539749	 0.7264078731821174	 0.840650045719375	 0.041385989759091024	 0.9051600429671537	 0.7291338019356098	 0.8692451390767888	 0.8328591336977913	 0.31909293491548874	 0.29711565798541595	 0.25678864267733603	 0.16373331196388663	 0.29932573284680575	 0.6523811726850395	 0.6427285884585686
0.04106447710696337	 0.5	 0.23271911341099016	 0.32840496830184696	 0.6081314987534774	 0.09477644914308248	 0.4337353534921642	 0.788781839964287	 0.5651593289731652	 0.5007723280046431	 0.11407122118542812	 0.40249693895400607	 0.7092834336423595	 0.6693257242299353	 0.21931026909212803	 0.8907031132696371	 0.07743283743039275	 0.38132752308605133	 0.01071519142010069	 0.7420952577012643
0.26100598987904133	 0.7672808865890098	 0.5	 0.8602085551736368	 0.6549375031252878	 0.694093775258997	 0.07794802082638341	 0.1651971744351065	 0.9134084968307299	 0.10873575810307967	 0.6063461426532789	 0.4780047956341993	 0.5781166944862355	 0.5908310956513164	 0.5693239478187602	 0.22692574783348907	 0.8484254766895263	 0.7478502821554031	 0.40401445819640036	 0.18235600368424076
0.35110894088229117	 0.671595031698153	 0.1397914448263632	 0.5	 0.07551743490436291	 0.15868785447011624	 0.5625401700775352	 0.903505679831424	 0.18908785872051725	 0.9489403352313719	 0.5652613692090933	 0.08266133498893524	 0.09379980381459108	 0.7815103306001306	 0.8981302513230505	 0.4311935545505633	 0.8166597057767879	 0.04979865301491204	 0.8072816409938327	 0.7017002814378155
0.2742180710299409	 0.3918685012465226	 0.34506249687471224	 0.9244825650956371	 0.5	 0.4569793486749847	 0.9640669046478954	 0.39262475609015746	 0.5471226801926328	 0.6673485289558636	 0.7811227555676608	 0.6570821642062128	 0.18036457783419102	 0.4770503226267452	 0.6433014767543834	 0.32925588928074956	 0.21689252541167425	 0.7586084500977633	 0.3647861336783734	 0.3446828705547832
0.441647345460251	 0.9052235508569175	 0.30590622474100304	 0.8413121455298838	 0.5430206513250153	 0.5	 0.6579883627726816	 0.5336643601327731	 0.0316306202617741	 0.8444749170556675	 0.7037721704109415	 0.6161394130880551	 0.46641890226634064	 0.4300211938692562	 0.9728076165203684	 0.7986452767371851	 0.4493151373533051	 0.19856398746226445	 0.7490487080356304	 0.9023632958837202
0.2735921268178826	 0.5662646465078358	 0.9220519791736166	 0.4374598299224648	 0.03593309535210465	 0.3420116372273184	 0.5	 0.08432846961112073	 0.7768414285751146	 0.07708028987254067	 0.5311218749063649	 0.8529378786033485	 0.1686233917739195	 0.8830519063869373	 0.2971583153467293	 0.7067919073944416	 0.7368501625240065	 0.8113983032607327	 0.6190593750387063	 0.017018500007245363
0.15934995428062504	 0.21121816003571303	 0.8348028255648935	 0.09649432016857595	 0.6073752439098425	 0.4663356398672269	 0.9156715303888793	 0.5	 0.05221547515585234	 0.1363863737024309	 0.9316330461897114	 0.3197511738236063	 0.6574191734708574	 0.9327227630288036	 0.2929712120425967	 0.5757968778670054	 0.019946766624752255	 0.6709025295776531	 0.9257212747552646	 0.09694246504032111
0.958614010240909	 0.43484067102683477	 0.08659150316927011	 0.8109121412794827	 0.45287731980736723	 0.9683693797382259	 0.22315857142488538	 0.9477845248441477	 0.5	 0.07611679478373534	 0.5406734921983688	 0.18759222635173223	 0.38221607116924317	 0.8052689781230288	 0.09993755621870437	 0.8303787481629716	 0.8544906310174459	 0.21534926633726648	 0.2966041853864314	 0.1772944309837674
0.09483995703284631	 0.4992276719953569	 0.8912642418969203	 0.05105966476862811	 0.3326514710441364	 0.15552508294433254	 0.9229197101274593	 0.8636136262975691	 0.9238832052162647	 0.5	 0.8911363953692673	 0.9697809269629358	 0.5173576859547974	 0.025163345019471817	 0.6020005942492563	 0.6403931432308638	 0.07999457576916702	 0.6610267783921641	 0.52381159407524	 0.23231184519686132
0.27086619806439016	 0.8859287788145719	 0.3936538573467211	 0.4347386307909067	 0.21887724443233925	 0.29622782958905847	 0.46887812509363513	 0.06836695381028857	 0.4593265078016312	 0.10886360463073275	 0.5	 0.5049329316453074	 0.37197982508319904	 0.7721762231499798	 0.19410006221573062	 0.9766906927867112	 0.22256026517943173	 0.220658456479487	 0.6000678544975525	 0.637575638562044
0.1307548609232112	 0.5975030610459939	 0.5219952043658007	 0.9173386650110648	 0.3429178357937872	 0.3838605869119449	 0.14706212139665154	 0.6802488261763937	 0.8124077736482678	 0.03021907303706417	 0.4950670683546926	 0.5	 0.6757703040995293	 0.9609985165098093	 0.5715551247364116	 0.7435243973172256	 0.8418190459129871	 0.6393512917139687	 0.2901226288981146	 0.2559739718318559
0.1671408663022087	 0.29071656635764054	 0.4218833055137645	 0.9062001961854089	 0.819635422165809	 0.5335810977336594	 0.8313766082260805	 0.34258082652914257	 0.6177839288307568	 0.48264231404520264	 0.628020174916801	 0.3242296959004707	 0.5	 0.752931752758978	 0.26049397560624865	 0.14797021882260064	 0.1438437424016732	 0.0830796764227858	 0.7052721087880918	 0.679533554588973
0.6809070650845113	 0.3306742757700647	 0.4091689043486836	 0.21848966939986936	 0.5229496773732548	 0.5699788061307438	 0.11694809361306269	 0.06727723697119636	 0.19473102187697122	 0.9748366549805282	 0.2278237768500202	 0.039001483490190725	 0.24706824724102205	 0.5	 0.526151889383644	 0.15824192676450954	 0.5161246999450295	 0.9230933226701372	 0.7984851450818979	 0.9358189566562782
0.702884342014584	 0.780689730907872	 0.43067605218123983	 0.10186974867694953	 0.35669852324561657	 0.0271923834796316	 0.7028416846532707	 0.7070287879574033	 0.9000624437812956	 0.39799940575074366	 0.8058999377842694	 0.42844487526358843	 0.7395060243937513	 0.473848110616356	 0.5	 0.47134830816664663	 0.7723645804849927	 0.05548630470296423	 0.8710746767833151	 0.09083122478948502
0.743211357322664	 0.10929688673036286	 0.7730742521665109	 0.5688064454494367	 0.6707441107192504	 0.2013547232628149	 0.29320809260555836	 0.4242031221329946	 0.16962125183702836	 0.3596068567691362	 0.023309307213288832	 0.25647560268277436	 0.8520297811773994	 0.8417580732354905	 0.5286516918333534	 0.5	 0.6954152537079324	 0.44671870136660496	 0.23399221779836044	 0.4943085324803709
0.8362666880361134	 0.9225671625696072	 0.15157452331047372	 0.18334029422321207	 0.7831074745883257	 0.5506848626466949	 0.2631498374759935	 0.9800532333752477	 0.14550936898255407	 0.920005424230833	 0.7774397348205683	 0.15818095408701294	 0.8561562575983268	 0.4838753000549705	 0.22763541951500732	 0.30458474629206755	 0.5	 0.9218972103209756	 0.5847132948120984	 0.4916862762371156
0.7006742671531943	 0.6186724769139487	 0.25214971784459694	 0.950201346985088	 0.24139154990223666	 0.8014360125377356	 0.1886016967392673	 0.32909747042234694	 0.7846507336627335	 0.33897322160783594	 0.779341543520513	 0.36064870828603135	 0.9169203235772142	 0.07690667732986278	 0.9445136952970358	 0.553281298633395	 0.0781027896790244	 0.5	 0.9677594203857813	 0.8294550028473059
0.3476188273149605	 0.9892848085798993	 0.5959855418035996	 0.1927183590061673	 0.6352138663216266	 0.2509512919643696	 0.38094062496129366	 0.07427872524473544	 0.7033958146135686	 0.47618840592475997	 0.3999321455024475	 0.7098773711018854	 0.29472789121190823	 0.20151485491810206	 0.12892532321668493	 0.7660077822016396	 0.41528670518790156	 0.03224057961421867	 0.5	 0.7616978310535129
0.3572714115414314	 0.2579047422987357	 0.8176439963157592	 0.2982997185621845	 0.6553171294452168	 0.09763670411627978	 0.9829814999927546	 0.9030575349596789	 0.8227055690162326	 0.7676881548031387	 0.362424361437956	 0.7440260281681441	 0.320466445411027	 0.06418104334372177	 0.909168775210515	 0.5056914675196291	 0.5083137237628844	 0.1705449971526941	 0.23830216894648715	 0.5

0.5	 0.2744053459146274	 0.7324920662537798	 0.12899899643253177	 0.7685806016462231	 0.7106722588766298	 0.2737180479124315	 0.34174937521423	 0.1363670700568288	 0.11134801355184176	 0.6774500867325769	 0.0018830215931192607	 0.03898462808065695	 0.46765615199131094	 0.9749881143125875	 0.4047710305894563	 0.618559705326552	 0.47743525111661744	 0.613840604448256	 0.18807781608456975
0.7255946540853726	 0.5	 0.60986340336796	 0.2267245281657153	 0.5707956129113705	 0.8534618152629301	 0.36004490261353406	 0.9669313954486485	 0.1910440396022951	 0.21761359682665715	 0.5328065291284186	 0.9287737107524525	 0.03170598245076828	 0.5975937534028826	 0.7211719061628685	 0.5370407877187218	 0.8875251676316098	 0.4739089666509718	 0.23303807795349263	 0.09431913942566295
0.2675079337462202	 0.39013659663204003	 0.5	 0.6071603011377898	 0.09449197019484068	 0.3849910830561384	 0.9871798040124039	 0.27041644816344435	 0.9837268800278953	 0.7424040187922268	 0.7349268194109826	 0.7899233746288891	 0.6028884648943953	 0.8776253295982305	 0.7488565643571032	 0.025182207708623006	 0.47184031907987223	 0.3831042112654667	 0.49908055474663005	 0.05256538869255345
0.8710010035674682	 0.7732754718342847	 0.39283969886221015	 0.5	 0.906563471114319	 0.07258929261657632	 0.8963149160042205	 0.3217694155537739	 0.15306350548892367	 0.531075346324445	 0.08764167500867948	 0.04738348627150413	 0.10543079061016891	 0.4329625390828744	 0.538098813666234	 0.33365160070112154	 0.9843052077885354	 0.33793097597702315	 0.22405708949037084	 0.21116954298426616
0.2314193983537769	 0.4292043870886295	 0.9055080298051593	 0.09343652888568099	 0.5	 0.32172302861780067	 0.9953230496112183	 0.9996934019477894	 0.9761721485053572	 0.34930023041818536	 0.5403649126406084	 0.71447235591678	 0.9662305380404566	 0.4189333628760892	 0.3493471170886219	 0.4573988109119309	 0.18059304056844816	 0.39867529385335654	 0.7359243271095406	 0.38290562003644046
0.28932774112337023	 0.14653818473706992	 0.6150089169438616	 0.9274107073834237	 0.6782769713821993	 0.5	 0.9590673103218132	 0.08116982654234584	 0.11698209304709051	 0.9335933798024761	 0.27025553731221263	 0.5180058466747156	 0.7540586543326212	 0.9166388524009195	 0.028118565989886934	 0.8505783422529564	 0.6850980555826509	 0.8135421485003193	 0.2552588295366195	 0.6465195644038862
0.7262819520875685	 0.6399550973864659	 0.012820195987596095	 0.10368508399577947	 0.0046769503887816866	 0.04093268967818675	 0.5	 0.0013505838345114762	 0.9069827229616783	 0.8419759050206798	 0.9704910910337577	 0.19552481907874542	 0.2939070113596972	 0.11206303172377019	 0.41910333673982103	 0.9098356090551206	 0.6205711598156104	 0.39947626364057287	 0.1319559988272606	 0.04638039679230521
0.65825062478577	 0.03306860455135152	 0.7295835518365557	 0.6782305844462261	 3.0659805221056047E-4	 0.9188301734576542	 0.9986494161654885	 0.5	 0.42311473808065414	 0.36442277436352033	 0.35426955017726236	 0.8673160324611039	 0.2863419550803271	 0.8330782329678245	 0.47130397649530253	 0.40859716519655753	 0.6437393382201254	 0.532057626499666	 0.5607382366732981	 0.25857587835184614
0.8636329299431712	 0.8089559603977049	 0.016273119972104677	 0.8469364945110763	 0.023827851494642838	 0.8830179069529095	 0.09301727703832174	 0.5768852619193459	 0.5	 0.9333597548032285	 0.20692804733695092	 0.41640986742758923	 0.5115521764150057	 0.9970545940182644	 0.2634654344092988	 0.6852910071022132	 0.49640303489714677	 0.06463740100465865	 0.25102208258988257	 0.22930362685600114
0.8886519864481582	 0.7823864031733428	 0.25759598120777316	 0.468924653675555	 0.6506997695818146	 0.06640662019752386	 0.15802409497932024	 0.6355772256364797	 0.06664024519677147	 0.5	 0.7017075919691552	 0.3999134840115949	 0.21928524719851128	 0.07455337741754398	 0.17132463774472617	 0.7021122980353088	 0.2228715013490158	 0.34278778386267217	 0.5281676618226847	 0.6541102550543862
0.3225499132674231	 0.46719347087158136	 0.2650731805890174	 0.9123583249913205	 0.4596350873593916	 0.7297444626877874	 0.029508908966242253	 0.6457304498227376	 0.7930719526630491	 0.2982924080308448	 0.5	 0.022615520346283224	 0.37336151802024575	 0.6989621731969613	 0.5879335254790073	 0.33807578869850297	 0.8387174941148777	 0.3590584529126314	 0.09838196207738226	 0.8426943499361181
0.9981169784068807	 0.07122628924754748	 0.21007662537111094	 0.9526165137284959	 0.28552764408321996	 0.4819941533252844	 0.8044751809212546	 0.1326839675388961	 0.5835901325724108	 0.6000865159884051	 0.9773844796537168	 0.5	 0.03236969897575481	 0.09391248465832525	 0.5772165709467371	 0.46121109096038637	 0.665599509986222	 0.282636654292743	 0.06320515124889281	 0.428347659575259
0.961015371919343	 0.9682940175492317	 0.3971115351056047	 0.8945692093898311	 0.033769461959543445	 0.2459413456673788	 0.7060929886403028	 0.7136580449196729	 0.4884478235849943	 0.7807147528014887	 0.6266384819797542	 0.9676303010242452	 0.5	 0.44755469254685254	 0.749060795274488	 0.5074212485308267	 0.998439870023918	 0.4431660408210365	 0.2970334917162126	 0.5385443494051887
0.5323438480086891	 0.40240624659711743	 0.12237467040176953	 0.5670374609171256	 0.5810666371239108	 0.08336114759908053	 0.8879369682762298	 0.16692176703217554	 0.0029454059817356493	 0.925446622582456	 0.3010378268030387	 0.9060875153416748	 0.5524453074531475	 0.5	 0.6576117276626028	 0.7042734727403387	 0.3492321912348758	 0.07950968371573619	 0.18324791257454032	 0.9515803291903773
0.025011885687412527	 0.2788280938371315	 0.25114343564289676	 0.461901186333766	 0.6506528829113781	 0.9718814340101131	 0.580896663260179	 0.5286960235046975	 0.7365345655907012	 0.8286753622552738	 0.41206647452099265	 0.42278342905326294	 0.250939204725512	 0.3423882723373972	 0.5	 0.04254027994862386	 0.7147084451971408	 0.9199362973801082	 0.1485303466745509	 0.29808774571487084
0.5952289694105437	 0.46295921228127823	 0.974817792291377	 0.6663483992988785	 0.5426011890880691	 0.14942165774704363	 0.09016439094487938	 0.5914028348034425	 0.31470899289778675	 0.29788770196469117	 0.661924211301497	 0.5387889090396136	 0.4925787514691733	 0.2957265272596613	 0.9574597200513761	 0.5	 0.5360401763835432	 0.19671509492216388	 0.6529294167076337	 0.5803416381877412
0.381440294673448	 0.11247483236839018	 0.5281596809201278	 0.015694792211464637	 0.8194069594315518	 0.3149019444173491	 0.3794288401843896	 0.3562606617798746	 0.5035969651028532	 0.7771284986509842	 0.16128250588512227	 0.33440049001377803	 0.0015601299760820142	 0.6507678087651242	 0.28529155480285917	 0.4639598236164568	 0.5	 0.3064711405323044	 0.8973745304089471	 0.2581097308058681
0.5225647488833826	 0.5260910333490282	 0.6168957887345333	 0.6620690240229768	 0.6013247061466435	 0.18645785149968075	 0.6005237363594271	 0.46794237350033396	 0.9353625989953414	 0.6572122161373278	 0.6409415470873686	 0.717363345707257	 0.5568339591789635	 0.9204903162842638	 0.08006370261989182	 0.8032849050778361	 0.6935288594676956	 0.5	 0.2871714224556422	 0.17135345763210164
0.38615939555174394	 0.7669619220465074	 0.50091944525337	 0.7759429105096292	 0.2640756728904594	 0.7447411704633805	 0.8680440011727394	 0.43926176332670186	 0.7489779174101174	 0.4718323381773153	 0.9016180379226177	 0.9367948487511072	 0.7029665082837874	 0.8167520874254597	 0.8514696533254491	 0.3470705832923663	 0.1026254695910529	 0.7128285775443578	 0.5	 0.8137259800281171
0.8119221839154303	 0.905680860574337	 0.9474346113074466	 0.7888304570157338	 0.6170943799635595	 0.35348043559611375	 0.9536196032076948	 0.7414241216481539	 0.7706963731439989	 0.34588974494561375	 0.15730565006388186	 0.571652340424741	 0.4614556505948113	 0.04841967080962273	 0.7019122542851292	 0.4196583618122588	 0.7418902691941319	 0.8286465423678984	 0.18627401997188286	 0.5

