18
15
0.5	 0.19057738595793094	 0.9454391608854654	 0.8080477568108744	 0.3795583611086988	 0.6525936458833589	 0.7373154115207015	 0.12391140476549933	 0.8801685763446971	 0.36299255163192057	 0.8211974451492696	 0.5164461050683554	 0.14992259902409633	 0.4965944658607857	 0.2874363826867429
0.809422614042069	 0.5	 0.8633806535175119	 0.462677155179385	 0.3984036159035875	 0.8034616851244017	 0.8525345707078457	 0.11500081808757856	 0.6806638100961446	 0.9547305303483294	 0.799909351560829	 0.3266790794934319	 0.25643850634439935	 0.4231800745814155	 0.4118875563663257
0.054560839114534576	 0.13661934648248808	 0.5	 0.18906429378455247	 0.8798141182718737	 0.3166889404591612	 0.9879085728852225	 0.483078484953135	 0.3106772335173372	 0.9874695456453088	 0.6234654345255346	 0.35371568853936186	 0.0511172342890176	 0.2329763086474621	 0.8179949172744037
0.19195224318912563	 0.537322844820615	 0.8109357062154475	 0.5	 0.02418009813626054	 0.7108584535378805	 0.8598290690185478	 0.5182082958574786	 0.9603346377766112	 0.450726581886175	 0.20941494102614266	 0.034638175638654234	 0.1549248168632138	 0.6260062264242504	 0.3932461325045664
0.6204416388913012	 0.6015963840964125	 0.12018588172812628	 0.9758199018637395	 0.5	 0.4576517706025739	 0.49108008977401707	 0.7056478241746749	 0.6668150652010445	 0.16890927687898072	 0.46588575596564674	 0.7786336331038503	 0.5826024278649871	 0.7952209497540407	 0.9073563206157392
0.3474063541166411	 0.19653831487559825	 0.6833110595408388	 0.28914154646211954	 0.5423482293974261	 0.5	 0.4754143514445984	 0.3060576100330309	 0.48398435865454215	 0.7019306162310762	 0.930179157708911	 0.752785241705103	 0.6928588835822992	 0.964648491297991	 0.488823736705299
0.26268458847929854	 0.14746542929215434	 0.012091427114777509	 0.14017093098145217	 0.5089199102259829	 0.5245856485554016	 0.5	 0.010835601533817352	 0.7810616873189009	 0.5304569830454348	 0.22783232666492814	 0.8489104686621594	 0.5656457662293698	 0.12263410950233622	 0.9908914809632973
0.8760885952345007	 0.8849991819124214	 0.516921515046865	 0.48179170414252137	 0.29435217582532514	 0.6939423899669691	 0.9891643984661826	 0.5	 0.9794605495181441	 0.6633471576381404	 0.0631064199227096	 0.5729046676670887	 0.14506391395432594	 0.8770650529390304	 0.9294764344518271
0.11983142365530286	 0.31933618990385537	 0.6893227664826628	 0.03966536222338879	 0.3331849347989555	 0.5160156413454579	 0.2189383126810991	 0.020539450481855903	 0.5	 0.885178403768041	 0.0271399947439267	 0.10576510500698066	 0.13486406030113895	 0.4209024576965341	 0.437966662003869
0.6370074483680794	 0.04526946965167056	 0.012530454354691245	 0.549273418113825	 0.8310907231210193	 0.2980693837689238	 0.46954301695456524	 0.33665284236185955	 0.11482159623195898	 0.5	 0.25757284962073124	 0.009206582246161998	 0.10664766575227724	 0.25013259861356574	 0.42805039174393145
0.17880255485073038	 0.20009064843917101	 0.3765345654744654	 0.7905850589738573	 0.5341142440343533	 0.06982084229108898	 0.7721676733350719	 0.9368935800772904	 0.9728600052560733	 0.7424271503792688	 0.5	 0.5944494361352498	 0.6734571965117877	 0.041971304852284286	 0.1691267691589563
0.4835538949316446	 0.6733209205065681	 0.6462843114606381	 0.9653618243613458	 0.22136636689614975	 0.24721475829489703	 0.15108953133784064	 0.4270953323329113	 0.8942348949930193	 0.990793417753838	 0.4055505638647502	 0.5	 0.031099990111404963	 0.010207905357398461	 0.49318668439773294
0.8500774009759037	 0.7435614936556006	 0.9488827657109824	 0.8450751831367862	 0.41739757213501294	 0.3071411164177008	 0.4343542337706302	 0.8549360860456741	 0.865135939698861	 0.8933523342477228	 0.3265428034882123	 0.968900009888595	 0.5	 0.01887801589387761	 0.10990534352075654
0.5034055341392143	 0.5768199254185845	 0.7670236913525379	 0.3739937735757496	 0.20477905024595933	 0.03535150870200898	 0.8773658904976638	 0.12293494706096963	 0.5790975423034659	 0.7498674013864343	 0.9580286951477157	 0.9897920946426015	 0.9811219841061224	 0.5	 0.5722704908340285
0.7125636173132571	 0.5881124436336743	 0.18200508272559635	 0.6067538674954336	 0.09264367938426077	 0.511176263294701	 0.009108519036702734	 0.07052356554817285	 0.562033337996131	 0.5719496082560686	 0.8308732308410437	 0.5068133156022671	 0.8900946564792435	 0.4277295091659715	 0.5

0.5	 0.14421959675396323	 0.6442519299852915	 0.8495051268898764	 0.8738730047203254	 0.7865267245434308	 0.7825700879646689	 0.5892295276307434	 0.08498425498883522	 0.03893825728423217	 0.643404025623697	 0.3636761876774919	 0.6589185925717304	 0.776616394801916	 0.7435828173328134
0.8557804032460368	 0.5	 0.2548861916093269	 0.627403351018206	 0.9602788270389196	 0.1424781467478493	 0.6174935989849235	 0.11335030058657125	 0.797425263546306	 0.7982355613086385	 0.6224865031454146	 0.1415398510525585	 0.4033208193074005	 0.7759125162615064	 0.1325272875406841
0.35574807001470854	 0.7451138083906731	 0.5	 0.054523306646906744	 0.3677726141745359	 0.3944677402101482	 0.6161378725695726	 0.5039883080066269	 0.9315872965745415	 0.17396056007866567	 0.6215326685699609	 0.9028719005081558	 0.05569953386740356	 0.749983091765576	 0.9256079814986699
0.15049487311012355	 0.372596648981794	 0.9454766933530933	 0.5	 0.16979508319612713	 0.5263118713957612	 0.7592616651029739	 0.8495737388581842	 0.5749308170195868	 0.38098910097966054	 0.06852872828370993	 0.38993940918547676	 0.5052076579994155	 0.3635011058568379	 0.6181799513620071
0.12612699527967464	 0.03972117296108035	 0.6322273858254641	 0.8302049168038729	 0.5	 0.7520431140918824	 0.006789153643238954	 0.8193099834713377	 0.5828953175249544	 0.5930391359729565	 0.034059280338592846	 0.4289486744621819	 0.5133175651668275	 0.7822353650759906	 0.4368822885629482
0.21347327545656924	 0.8575218532521507	 0.6055322597898518	 0.4736881286042388	 0.2479568859081176	 0.5	 0.4431400907571512	 0.6160447544451485	 0.768899660294674	 0.8516950570383677	 0.6313572268869022	 0.35360830353794015	 0.7111296386230406	 0.8270287393188847	 0.9846259863039643
0.21742991203533113	 0.3825064010150765	 0.38386212743042736	 0.24073833489702612	 0.993210846356761	 0.5568599092428488	 0.5	 0.10177153079668133	 0.3641075306148782	 0.7103458750671853	 0.3237246209101874	 0.6883981736256046	 0.3520383125941686	 0.050617698634237596	 0.3555347406070496
0.41077047236925657	 0.8866496994134287	 0.49601169199337314	 0.1504262611418158	 0.18069001652866234	 0.3839552455548515	 0.8982284692033187	 0.5	 0.25630401329673047	 0.855295723275876	 0.5298562254660306	 0.39315045451474984	 0.041919077345232925	 0.9327773058089208	 0.726853732884038
0.9150157450111648	 0.20257473645369395	 0.06841270342545847	 0.4250691829804132	 0.4171046824750456	 0.23110033970532595	 0.6358924693851218	 0.7436959867032695	 0.5	 0.9094543267559024	 0.34225194910587464	 0.6691963009456063	 0.33767242472812176	 0.3292193066995339	 0.15456160655764017
0.9610617427157678	 0.20176443869136151	 0.8260394399213343	 0.6190108990203395	 0.40696086402704346	 0.14830494296163232	 0.2896541249328147	 0.144704276724124	 0.09054567324409757	 0.5	 0.08801481465553473	 0.8299649982709455	 0.9813987241302878	 0.7163063571728421	 0.3029491344325197
0.35659597437630297	 0.37751349685458535	 0.3784673314300391	 0.9314712717162901	 0.9659407196614072	 0.3686427731130978	 0.6762753790898126	 0.4701437745339694	 0.6577480508941254	 0.9119851853444653	 0.5	 0.8919971658738709	 0.931116772452628	 0.44735363820378093	 0.6944544472959642
0.6363238123225081	 0.8584601489474415	 0.0971280994918442	 0.6100605908145232	 0.5710513255378181	 0.6463916964620599	 0.3116018263743954	 0.6068495454852502	 0.33080369905439366	 0.1700350017290545	 0.1080028341261291	 0.5	 0.4522808268586386	 0.48997410810875286	 0.6020982061450305
0.34108140742826965	 0.5966791806925995	 0.9443004661325964	 0.49479234200058453	 0.48668243483317253	 0.28887036137695943	 0.6479616874058314	 0.9580809226547671	 0.6623275752718782	 0.018601275869712164	 0.06888322754737197	 0.5477191731413614	 0.5	 0.9923234876391205	 0.49201697594071414
0.22338360519808398	 0.22408748373849363	 0.250016908234424	 0.6364988941431621	 0.21776463492400944	 0.17297126068111535	 0.9493823013657624	 0.06722269419107918	 0.6707806933004661	 0.2836936428271579	 0.5526463617962191	 0.5100258918912471	 0.007676512360879517	 0.5	 0.5636348578937739
0.2564171826671866	 0.8674727124593159	 0.07439201850133015	 0.3818200486379929	 0.5631177114370518	 0.015374013696035749	 0.6444652593929504	 0.273146267115962	 0.8454383934423598	 0.6970508655674803	 0.3055455527040358	 0.3979017938549695	 0.5079830240592859	 0.4363651421062261	 0.5

0.5	 0.08740371753173748	 0.40619474264485267	 0.7247440874753609	 0.7727907122096691	 0.7714118577644169	 0.7704214769283612	 0.9794899178382647	 0.9164287942102826	 0.8320739239788759	 0.7481588077731327	 0.26361335920793105	 0.4986077816745964	 0.7692713791031672	 0.47604912159590207
0.9125962824682625	 0.5	 0.3433452994367723	 0.35898662530910164	 0.9810591681491033	 0.8461612835581133	 0.11636417164167545	 0.2367639631873647	 0.277521127931075	 0.368046117579224	 0.9270719762580505	 0.4188688600953533	 0.2463451465425338	 0.864208708631516	 0.9380123129152054
0.5938052573551473	 0.6566547005632277	 0.5	 0.006190488205110811	 0.692683006321201	 0.13391600381543634	 0.11446732975298268	 0.3023942069209653	 0.7713672334953413	 0.748577988419553	 0.8529043999615517	 0.061316241938344174	 0.23131523759978645	 0.8265114595636642	 0.6638248202404731
0.2752559125246391	 0.6410133746908984	 0.9938095117948892	 0.5	 0.7166248747922972	 0.39995913684930706	 0.9757154441774003	 0.6057008407251506	 0.2613810059163004	 0.14979694848177094	 0.5903576530610866	 0.35906941037019335	 0.14532666640026215	 0.10966904887246598	 0.33999193920371706
0.2272092877903309	 0.018940831850896678	 0.30731699367879906	 0.2833751252077028	 0.5	 0.9284840466353118	 0.4141750063114491	 0.810121367648614	 9.674663309688913E-5	 0.9649091258053915	 0.3278708068266256	 0.28522485029117006	 0.7383449048163604	 0.6122736105900025	 0.8637359044600063
0.2285881422355831	 0.15383871644188674	 0.8660839961845637	 0.6000408631506929	 0.07151595336468819	 0.5	 0.8924782617182301	 0.5930855449919509	 0.5992839934050788	 0.835608944249204	 0.7579294074785378	 0.15883919508165678	 0.021229320062883028	 0.8415345932580148	 0.3054074551773539
0.22957852307163884	 0.8836358283583245	 0.8855326702470173	 0.024284555822599696	 0.5858249936885509	 0.10752173828176992	 0.5	 0.42817717449762727	 0.8863935264044048	 0.8902524795719116	 0.7867673194939296	 0.3301773619103797	 0.03782351942175144	 0.35068106252971765	 0.5943041669848522
0.020510082161735332	 0.7632360368126353	 0.6976057930790347	 0.3942991592748494	 0.18987863235138602	 0.4069144550080491	 0.5718228255023727	 0.5	 0.7527178487926904	 0.5035841533347295	 0.8187877879622519	 0.4070044753933849	 0.7391910336436371	 0.677263847533527	 0.6026814213762999
0.08357120578971744	 0.722478872068925	 0.2286327665046587	 0.7386189940836996	 0.9999032533669031	 0.40071600659492124	 0.11360647359559517	 0.24728215120730956	 0.5	 0.8990578092506241	 0.10979062931442507	 0.9853777527316191	 0.7894580198356225	 0.8220611750086315	 0.9733445177330394
0.16792607602112408	 0.631953882420776	 0.25142201158044697	 0.8502030515182291	 0.035090874194608546	 0.16439105575079604	 0.10974752042808844	 0.4964158466652705	 0.10094219074937594	 0.5	 0.8594478423921854	 0.27627755666856546	 0.7616052861724111	 0.46773664750016175	 0.8979224594042801
0.2518411922268673	 0.07292802374194951	 0.14709560003844835	 0.40964234693891344	 0.6721291931733744	 0.24207059252146224	 0.21323268050607036	 0.18121221203774807	 0.8902093706855749	 0.1405521576078146	 0.5	 0.7233431709288982	 0.7644409112220822	 0.5952816475366789	 0.07673037178955222
0.736386640792069	 0.5811311399046467	 0.9386837580616558	 0.6409305896298066	 0.7147751497088299	 0.8411608049183432	 0.6698226380896203	 0.5929955246066151	 0.014622247268380906	 0.7237224433314345	 0.2766568290711018	 0.5	 0.11790046353755956	 0.3341800139520633	 0.20398561523267844
0.5013922183254036	 0.7536548534574662	 0.7686847624002136	 0.8546733335997379	 0.2616550951836396	 0.978770679937117	 0.9621764805782486	 0.26080896635636286	 0.21054198016437753	 0.23839471382758892	 0.23555908877791776	 0.8820995364624404	 0.5	 0.7471472544919424	 0.5260696826973709
0.23072862089683277	 0.135791291368484	 0.17348854043633577	 0.890330951127534	 0.3877263894099975	 0.15846540674198517	 0.6493189374702824	 0.322736152466473	 0.17793882499136848	 0.5322633524998382	 0.4047183524633211	 0.6658199860479367	 0.2528527455080576	 0.5	 0.0014952018569819314
0.5239508784040979	 0.06198768708479463	 0.33617517975952693	 0.6600080607962829	 0.13626409553999375	 0.6945925448226461	 0.4056958330151478	 0.3973185786237001	 0.026655482266960573	 0.10207754059571994	 0.9232696282104478	 0.7960143847673216	 0.47393031730262913	 0.9985047981430181	 0.5

0.5	 0.07159460733712919	 0.42892463232244493	 0.9560986800279785	 0.13408163035250908	 0.965354703536896	 0.8856884239059785	 0.22230931697134093	 0.06302364088990442	 0.5293264813503332	 0.9038215709638615	 0.5974003213164243	 0.6435904171253743	 0.47585793767822526	 0.05456457269530357
0.9284053926628708	 0.5	 0.8504717309627202	 0.8894849033441307	 0.05185441919690437	 0.32283759001871704	 0.1347520034659001	 0.928566679063204	 0.003355197180584746	 0.3911464664324642	 0.784621950158	 0.759422445985816	 0.023066718415924337	 0.0035908034256986188	 0.5843804854731968
0.5710753676775551	 0.14952826903727978	 0.5	 0.19950375889829497	 0.7250729721771018	 0.25619568323909836	 0.6901790324612852	 0.5277925053921301	 0.5356691274840012	 0.35607854953499274	 0.9969031523057494	 0.911868112804988	 0.015241592948579186	 0.11950080280339392	 0.6333815830676949
0.04390131997202151	 0.11051509665586934	 0.800496241101705	 0.5	 0.8274152143886281	 0.033344368803208124	 0.23764356739502268	 0.4421542318392705	 0.32762367940569115	 0.9075976693742119	 0.12898550307448187	 0.7541326441790668	 0.2005978712937354	 0.08676169502307829	 0.018450356751544716
0.8659183696474909	 0.9481455808030956	 0.27492702782289824	 0.17258478561137192	 0.5	 0.5038374657919227	 0.7648055106616726	 0.20931491843289385	 0.7360298864194567	 0.7474993957610416	 0.29576059735767757	 0.40109278300440354	 0.6113782202476061	 0.9441617671368087	 0.8515491901454851
0.03464529646310399	 0.677162409981283	 0.7438043167609016	 0.9666556311967919	 0.4961625342080773	 0.5	 0.48901923144008985	 0.7559115281435949	 0.9390238217063385	 0.5704707532931641	 0.4026902436555526	 0.9702368194859079	 0.4486161319789441	 0.35098176325446484	 0.41154464109324673
0.11431157609402154	 0.8652479965340999	 0.3098209675387148	 0.7623564326049773	 0.23519448933832743	 0.5109807685599101	 0.5	 0.49227231186595455	 0.9890006634070989	 0.19229235540997947	 0.0025849401903470515	 0.810210899904268	 0.6110397199803046	 0.3733810550394526	 0.1420861219671039
0.7776906830286591	 0.071433320936796	 0.4722074946078699	 0.5578457681607295	 0.7906850815671062	 0.24408847185640514	 0.5077276881340455	 0.5	 0.8045175670026679	 0.5108791354760783	 0.07885648227118147	 0.3844585047969199	 0.5544402470937252	 0.5691438854091732	 0.042008973548312345
0.9369763591100956	 0.9966448028194153	 0.4643308725159988	 0.6723763205943089	 0.26397011358054334	 0.06097617829366153	 0.010999336592901088	 0.19548243299733215	 0.5	 0.7924057578720053	 0.2470533269809505	 0.13894397311091988	 0.2685593370661531	 0.9147471047055648	 0.7606410899257244
0.4706735186496668	 0.6088535335675358	 0.6439214504650073	 0.09240233062578806	 0.25250060423895837	 0.4295292467068359	 0.8077076445900205	 0.4891208645239217	 0.2075942421279947	 0.5	 0.9506418866328639	 0.929025726512458	 0.1317482469694793	 0.6592685140087833	 0.8304330085476103
0.09617842903613849	 0.21537804984200004	 0.0030968476942505596	 0.8710144969255181	 0.7042394026423224	 0.5973097563444474	 0.997415059809653	 0.9211435177288185	 0.7529466730190495	 0.049358113367136136	 0.5	 0.06329394916762776	 0.5225327954909338	 0.5316752887894067	 0.04014289966785611
0.4025996786835757	 0.24057755401418401	 0.08813188719501197	 0.24586735582093322	 0.5989072169955965	 0.029763180514092102	 0.18978910009573202	 0.6155414952030801	 0.8610560268890801	 0.07097427348754204	 0.9367060508323722	 0.5	 0.8278905418253829	 0.03512221100296098	 0.8351677721657421
0.35640958287462565	 0.9769332815840757	 0.9847584070514208	 0.7994021287062646	 0.38862177975239387	 0.5513838680210559	 0.3889602800196954	 0.4455597529062748	 0.7314406629338469	 0.8682517530305207	 0.4774672045090662	 0.1721094581746171	 0.5	 0.43724661512935137	 0.634621651076711
0.5241420623217747	 0.9964091965743014	 0.8804991971966061	 0.9132383049769217	 0.05583823286319134	 0.6490182367455352	 0.6266189449605474	 0.43085611459082684	 0.08525289529443525	 0.3407314859912167	 0.46832471121059327	 0.964877788997039	 0.5627533848706486	 0.5	 0.14687884787272187
0.9454354273046964	 0.41561951452680324	 0.3666184169323051	 0.9815496432484553	 0.14845080985451486	 0.5884553589067533	 0.8579138780328961	 0.9579910264516877	 0.23935891007427557	 0.16956699145238974	 0.9598571003321439	 0.16483222783425788	 0.365378348923289	 0.8531211521272781	 0.5

0.5	 0.19309054669940018	 0.5312719048037158	 0.030138936264037186	 0.06541432489477905	 0.7081670063393616	 0.3344569784478745	 0.22226350371564885	 0.22437624506920995	 0.09461203284489939	 0.979937318789181	 0.28632493660898917	 0.06003468203600082	 0.6078195986994595	 0.20271075582337728
0.8069094533005998	 0.5	 0.2649979631050934	 0.49955263899956115	 0.24178741009472426	 0.9663961692265653	 0.6853025337663777	 0.1932479106324988	 0.2508467370455144	 0.5604841294206496	 0.9186631696783077	 0.7607393243681333	 0.31687028149392715	 0.8971198384727405	 0.29510476091461846
0.4687280951962842	 0.7350020368949066	 0.5	 0.8097608911938761	 0.8763932703143781	 0.9761991475967178	 0.7716634738154606	 0.9391001438465864	 0.1386839460988879	 0.7307222223770135	 0.9873192250334012	 0.8209058364098564	 0.623651518418182	 0.23876342840579778	 0.3502318214476924
0.9698610637359628	 0.5004473610004389	 0.19023910880612394	 0.5	 0.3726499308318173	 0.6275806735819379	 0.594080099605874	 0.39779002843946276	 0.9753167504137831	 0.8850346188709998	 0.5642972079166148	 0.045959026165543704	 0.6719323164749044	 0.8368680082686991	 0.5337683692551654
0.934585675105221	 0.7582125899052757	 0.12360672968562192	 0.6273500691681827	 0.5	 0.5016385387907879	 0.289335163961314	 0.3371452310220636	 0.12762843621220465	 0.5502201383415755	 0.4661296329954556	 0.3358587859641736	 0.3442165052952475	 0.6502593230428575	 0.6410509548341128
0.2918329936606384	 0.03360383077343465	 0.023800852403282224	 0.3724193264180621	 0.4983614612092121	 0.5	 0.05969578392531827	 0.9849621895240261	 0.7681538784361519	 0.15851132795083356	 0.4797009098989785	 0.6639925503176937	 0.16794729634495198	 0.7818846923523964	 0.40253675562360525
0.6655430215521255	 0.31469746623362227	 0.22833652618453937	 0.40591990039412595	 0.710664836038686	 0.9403042160746817	 0.5	 0.7041305961716977	 0.43485176103174705	 0.07012692042482804	 0.3511431146663455	 0.7816206320506364	 0.8558126919327709	 0.26961782939619783	 0.5109490730197118
0.7777364962843512	 0.8067520893675012	 0.060899856153413645	 0.6022099715605372	 0.6628547689779364	 0.015037810475973856	 0.2958694038283023	 0.5	 0.26882970122237915	 0.9064127054013973	 0.6006497722442187	 0.4093929954492769	 0.8423385560793036	 6.395975315713898E-4	 0.07677683064191798
0.77562375493079	 0.7491532629544856	 0.8613160539011121	 0.024683249586216927	 0.8723715637877953	 0.2318461215638481	 0.565148238968253	 0.7311702987776209	 0.5	 0.6693568742434183	 0.07324929617775633	 0.8485197964095584	 0.2852781745743762	 0.13122367296950987	 0.39720152529408814
0.9053879671551006	 0.4395158705793504	 0.26927777762298655	 0.11496538112900023	 0.44977986165842454	 0.8414886720491664	 0.929873079575172	 0.09358729459860271	 0.3306431257565817	 0.5	 0.7363448207882809	 0.8782774784576379	 0.8736170430617436	 0.07350210134975	 0.7951952225189916
0.020062681210819	 0.08133683032169226	 0.012680774966598807	 0.43570279208338525	 0.5338703670045444	 0.5202990901010215	 0.6488568853336545	 0.39935022775578133	 0.9267507038222437	 0.2636551792117191	 0.5	 0.8765996728250572	 0.17948518519316592	 0.4859383830404954	 0.8556930006101401
0.7136750633910108	 0.2392606756318667	 0.17909416359014363	 0.9540409738344563	 0.6641412140358264	 0.33600744968230634	 0.21837936794936363	 0.5906070045507231	 0.15148020359044156	 0.12172252154236207	 0.12340032717494276	 0.5	 0.27223586984685944	 0.2920415113723641	 0.41225846879393513
0.9399653179639992	 0.6831297185060728	 0.376348481581818	 0.32806768352509563	 0.6557834947047525	 0.832052703655048	 0.14418730806722913	 0.15766144392069636	 0.7147218254256238	 0.1263829569382564	 0.8205148148068341	 0.7277641301531406	 0.5	 0.8003896449200034	 0.8303250333599925
0.39218040130054055	 0.10288016152725954	 0.7612365715942022	 0.16313199173130088	 0.3497406769571425	 0.21811530764760356	 0.7303821706038022	 0.9993604024684286	 0.8687763270304901	 0.92649789865025	 0.5140616169595046	 0.7079584886276359	 0.19961035507999658	 0.5	 0.8841768495648674
0.7972892441766227	 0.7048952390853815	 0.6497681785523076	 0.46623163074483465	 0.3589490451658872	 0.5974632443763948	 0.4890509269802882	 0.923223169358082	 0.6027984747059119	 0.20480477748100845	 0.1443069993898599	 0.5877415312060649	 0.16967496664000747	 0.11582315043513258	 0.5

0.5	 0.7023795217610197	 0.7118631766869958	 0.960891578253448	 0.8422125173864023	 0.41762047022603255	 0.9093608815451828	 0.6201641688538907	 0.8129180436234726	 0.2469956920671832	 0.5746255667648245	 0.11721436180796685	 0.6750375328323723	 0.15384394877992824	 0.6867483811747709
0.2976204782389803	 0.5	 0.4888230317869655	 0.11038573026294418	 0.28015993603686906	 0.2237949011312359	 0.5290758093991759	 0.49260860566738907	 0.3320568519996763	 0.10800719765497668	 0.9399361493286938	 0.8518482663825244	 0.5994004350181554	 0.21801552540495028	 0.06327073901504954
0.28813682331300416	 0.5111769682130345	 0.5	 0.40997319576132074	 0.5317641838480562	 0.9968993064463743	 0.5505589634206389	 0.04382602712949557	 0.48133183550838854	 0.9749750507383492	 0.7806197187904466	 0.21460538212941316	 0.6931000915594384	 0.3474791250658428	 0.5710402617298463
0.03910842174655205	 0.8896142697370558	 0.5900268042386793	 0.5	 0.6134124407890839	 0.8737108161179995	 0.5998507565757788	 0.7455937195682506	 0.01615651129082396	 0.7024686555282847	 0.057111579733743256	 0.41778285392061587	 0.6154284352293913	 0.4615764456128504	 0.14887550715879272
0.15778748261359765	 0.7198400639631309	 0.46823581615194376	 0.38658755921091614	 0.5	 0.4297499116806368	 0.4026146643235563	 0.5573475632910709	 0.12781265608117587	 0.2461434129837895	 0.010438366485080341	 0.08013088942215474	 0.9569298274158068	 0.7441345852266341	 0.7942789298082039
0.5823795297739675	 0.7762050988687641	 0.003100693553625744	 0.1262891838820005	 0.5702500883193632	 0.5	 0.7079102641042193	 0.08981916337382212	 0.7636276490268864	 0.8300342306481525	 0.19701742643345632	 0.9080657445176433	 0.9858096983880831	 0.9369550249211723	 0.42312359015391776
0.0906391184548172	 0.47092419060082413	 0.4494410365793611	 0.4001492434242212	 0.5973853356764437	 0.2920897358957807	 0.5	 0.6512935960679768	 0.6935372995780881	 0.7957942040002309	 0.43665148992390146	 0.7778692866055956	 0.2336591746211918	 0.725778214616885	 0.2789764483509918
0.3798358311461093	 0.5073913943326109	 0.9561739728705044	 0.2544062804317494	 0.44265243670892906	 0.9101808366261779	 0.34870640393202323	 0.5	 0.8280706209895954	 0.5492247834324375	 0.7083215898483716	 0.3692612101615528	 0.026567520644973253	 0.9786313117047573	 0.8010699743020905
0.18708195637652736	 0.6679431480003237	 0.5186681644916115	 0.983843488709176	 0.8721873439188241	 0.2363723509731136	 0.3064627004219119	 0.17192937901040461	 0.5	 0.11649627817406327	 0.05735124531531843	 0.6291123075670624	 0.17277073108887364	 0.03729373131952218	 0.6717864472160529
0.7530043079328168	 0.8919928023450233	 0.025024949261650775	 0.29753134447171525	 0.7538565870162105	 0.16996576935184748	 0.20420579599976907	 0.4507752165675625	 0.8835037218259367	 0.5	 0.02357331172354582	 0.6076346067121019	 0.06720922969145171	 0.04925102228294298	 0.3926311027904299
0.42537443323517554	 0.06006385067130615	 0.21938028120955344	 0.9428884202662567	 0.9895616335149197	 0.8029825735665437	 0.5633485100760985	 0.29167841015162843	 0.9426487546846816	 0.9764266882764542	 0.5	 0.47726587010356525	 0.9418434449605456	 0.11986601417500453	 0.9378145706393832
0.8827856381920332	 0.14815173361747558	 0.7853946178705868	 0.5822171460793841	 0.9198691105778453	 0.09193425548235667	 0.22213071339440438	 0.6307387898384472	 0.3708876924329376	 0.3923653932878981	 0.5227341298964348	 0.5	 0.8589020870287302	 0.49370057096053466	 0.38010853607481676
0.32496246716762767	 0.40059956498184457	 0.3068999084405616	 0.3845715647706087	 0.04307017258419321	 0.014190301611916922	 0.7663408253788082	 0.9734324793550267	 0.8272292689111264	 0.9327907703085483	 0.05815655503945438	 0.14109791297126983	 0.5	 0.6272375702018637	 0.6906194926612942
0.8461560512200718	 0.7819844745950497	 0.6525208749341572	 0.5384235543871496	 0.2558654147733659	 0.06304497507882767	 0.27422178538311504	 0.021368688295242744	 0.9627062686804778	 0.950748977717057	 0.8801339858249955	 0.5062994290394653	 0.37276242979813634	 0.5	 0.4617585095923248
0.3132516188252291	 0.9367292609849505	 0.42895973827015366	 0.8511244928412073	 0.20572107019179608	 0.5768764098460822	 0.7210235516490082	 0.19893002569790952	 0.32821355278394715	 0.6073688972095701	 0.06218542936061677	 0.6198914639251832	 0.3093805073387058	 0.5382414904076752	 0.5

0.5	 0.7479219567323124	 0.06945540661259053	 0.36123625719846486	 0.8211477849856342	 0.32857630436619034	 0.3140368245128987	 0.3261254490313107	 0.5333304699094207	 0.1811624309040405	 0.12003967214504363	 0.9762821849443906	 0.3131100632341097	 0.1330488058739585	 0.6712703906446076
0.25207804326768757	 0.5	 0.7848414529269184	 0.5884246300080106	 0.786805531320562	 0.28826237590424	 0.18653311221414104	 0.7557694554610189	 0.3777207116636294	 0.39740054179143125	 0.4815664684571953	 0.7203667651188719	 0.5136728418287453	 0.9779592989544494	 0.37994263102726067
0.9305445933874095	 0.21515854707308157	 0.5	 0.17586132389995157	 0.751246644908813	 0.5984134699940071	 0.9569768055711322	 0.7588261188695531	 0.5410820627394475	 0.4590440526269668	 0.38553970421712436	 0.1596518643813477	 0.9357974757034547	 0.6947761121523836	 0.18650367649269695
0.6387637428015351	 0.4115753699919894	 0.8241386761000484	 0.5	 0.2489327739791557	 0.5954297747034706	 0.5603495454685627	 0.8961056615117894	 0.28725005315234364	 0.04818527092947855	 0.019337365466036927	 0.9874156959252026	 0.32629402984680034	 0.8683976508806581	 0.6891907750563472
0.17885221501436577	 0.21319446867943803	 0.248753355091187	 0.7510672260208443	 0.5	 0.6028263185887024	 0.9805546528445835	 0.41893973188141076	 0.056403816448587496	 0.15545465778038703	 0.8513488477854231	 0.07193841705326509	 0.369054909519713	 0.139575568114491	 0.01874298469475466
0.6714236956338097	 0.71173762409576	 0.40158653000599287	 0.4045702252965294	 0.3971736814112976	 0.5	 0.36949281604253803	 0.6383960172757503	 0.5536808573496929	 0.18196712502237355	 0.4151979524669952	 0.7368252084806083	 0.1844862888668819	 0.22520719437126135	 0.8976273043592853
0.6859631754871013	 0.813466887785859	 0.04302319442886782	 0.43965045453143725	 0.01944534715541646	 0.630507183957462	 0.5	 0.6664913767526764	 0.6261840080431131	 0.2131998321566757	 0.5385295255770344	 0.690944785505707	 0.31646549564468174	 0.07984463655541141	 0.4313458688473336
0.6738745509686893	 0.24423054453898108	 0.2411738811304469	 0.10389433848821061	 0.5810602681185892	 0.36160398272424965	 0.33350862324732355	 0.5	 0.17166048197018424	 0.05931614827295828	 0.5630861418950728	 0.6897567139446662	 0.6319265606160493	 0.4743091364786076	 0.26060860481942716
0.4666695300905793	 0.6222792883363706	 0.4589179372605525	 0.7127499468476564	 0.9435961835514125	 0.44631914265030714	 0.37381599195688686	 0.8283395180298158	 0.5	 0.061316841460419824	 0.7825022846366847	 0.5631029526863601	 0.033424157451423464	 0.6778410248135406	 0.9866157998284953
0.8188375690959595	 0.6025994582085688	 0.5409559473730332	 0.9518147290705214	 0.844545342219613	 0.8180328749776264	 0.7868001678433243	 0.9406838517270417	 0.9386831585395802	 0.5	 0.11607366101457961	 0.3682253688479835	 0.9120527547676004	 0.91628531833259	 0.9954891951233577
0.8799603278549564	 0.5184335315428047	 0.6144602957828756	 0.9806626345339631	 0.14865115221457692	 0.5848020475330048	 0.4614704744229656	 0.4369138581049272	 0.2174977153633153	 0.8839263389854204	 0.5	 0.724411048056603	 0.3891105793466664	 0.9576111059868226	 0.42635984853864795
0.023717815055609437	 0.2796332348811281	 0.8403481356186523	 0.012584304074797381	 0.9280615829467349	 0.2631747915193917	 0.30905521449429296	 0.3102432860553338	 0.4368970473136399	 0.6317746311520165	 0.27558895194339705	 0.5	 0.33798415532751813	 0.5619782204483692	 0.25960034342110394
0.6868899367658903	 0.4863271581712547	 0.06420252429654527	 0.6737059701531997	 0.630945090480287	 0.8155137111331181	 0.6835345043553183	 0.36807343938395065	 0.9665758425485765	 0.0879472452323996	 0.6108894206533336	 0.6620158446724819	 0.5	 0.30207532139676185	 0.43205922231522076
0.8669511941260415	 0.02204070104555056	 0.30522388784761645	 0.13160234911934188	 0.860424431885509	 0.7747928056287386	 0.9201553634445886	 0.5256908635213924	 0.3221589751864594	 0.08371468166741003	 0.04238889401317736	 0.4380217795516308	 0.6979246786032381	 0.5	 0.9012060186142301
0.3287296093553924	 0.6200573689727393	 0.813496323507303	 0.3108092249436528	 0.9812570153052453	 0.10237269564071472	 0.5686541311526664	 0.7393913951805728	 0.013384200171504657	 0.004510804876642349	 0.573640151461352	 0.7403996565788961	 0.5679407776847792	 0.09879398138576989	 0.5

0.5	 0.6739120808607418	 0.7917084121800528	 0.42939984689465027	 0.5716563804860252	 0.3714309829076192	 0.9546220257935526	 0.2239002563085749	 0.7279482742809178	 0.31591905321176506	 0.4973446742598271	 0.7800128678436203	 0.06846362549627572	 0.9351360479127495	 0.8355673711327399
0.32608791913925816	 0.5	 0.785317916506708	 0.2966697024935384	 0.29243474829234484	 0.08228646051222732	 0.6347820508026661	 0.11147949689248637	 0.4216865943118885	 0.061926731435551496	 0.006351795621715617	 0.6011152605080254	 0.9106098059448081	 0.3173815772434577	 0.5605140286265946
0.20829158781994717	 0.214682083493292	 0.5	 0.009481666944241463	 0.22313121261769653	 0.6418611839569585	 0.2529900343132757	 0.5031313790613755	 0.6000457863349762	 0.7738845539901055	 0.42648693524662074	 0.12647551243248367	 0.6321204225467922	 0.15644755890132545	 0.9304385825719349
0.5706001531053497	 0.7033302975064616	 0.9905183330557585	 0.5	 0.3487115295494376	 0.7609215944865506	 0.08034296522324225	 0.006925529635900429	 0.4780124037946024	 0.030029376495408933	 0.10680539156822522	 0.5764715713982153	 0.7468400436990752	 0.38293278114977314	 0.39609784687092175
0.4283436195139748	 0.7075652517076552	 0.7768687873823035	 0.6512884704505624	 0.5	 0.8591721953540671	 0.05681700497546904	 0.683784352389937	 0.4563533061014158	 0.9746181718184845	 0.21241077293502153	 0.4233252787960039	 0.8709288151047057	 0.2783349507106423	 0.9697548480124661
0.6285690170923808	 0.9177135394877727	 0.35813881604304154	 0.2390784055134494	 0.14082780464593292	 0.5	 0.7646738664097383	 0.7627259467887385	 0.7129670781400997	 0.3802516000123821	 0.18230453920869938	 0.11037576515983971	 0.37919371262060764	 0.7181717481310695	 0.4524260444676189
0.0453779742064474	 0.36521794919733386	 0.7470099656867243	 0.9196570347767578	 0.943182995024531	 0.23532613359026167	 0.5	 0.5438829640161749	 0.8643699944922124	 0.7472862066412145	 0.16410128128514356	 0.9162677948876149	 0.6061462546658128	 0.20363570498084105	 0.23783332881450314
0.7760997436914251	 0.8885205031075136	 0.4968686209386245	 0.9930744703640996	 0.31621564761006304	 0.2372740532112615	 0.45611703598382514	 0.5	 0.7729409547569814	 0.7138252094006835	 0.14986428103749205	 0.16197549352225182	 0.8219910594461827	 0.22197481186286505	 0.29111316126219766
0.2720517257190822	 0.5783134056881115	 0.3999542136650238	 0.5219875962053976	 0.5436466938985842	 0.28703292185990026	 0.1356300055077876	 0.22705904524301856	 0.5	 0.7872058233775683	 0.6462599913590117	 0.7088226150917523	 0.4332913828623678	 0.5554393857107371	 0.19202674572074163
0.684080946788235	 0.9380732685644485	 0.22611544600989453	 0.9699706235045911	 0.025381828181515464	 0.6197483999876179	 0.2527137933587855	 0.2861747905993165	 0.21279417662243172	 0.5	 0.5762148248052372	 0.011610435737164915	 0.9819344212536107	 0.019315631060563443	 0.05843151704322913
0.5026553257401729	 0.9936482043782844	 0.5735130647533793	 0.8931946084317748	 0.7875892270649785	 0.8176954607913006	 0.8358987187148564	 0.850135718962508	 0.3537400086409883	 0.4237851751947628	 0.5	 0.02058988045204213	 0.05798110567431192	 0.9052900011614361	 0.20390697684591697
0.21998713215637966	 0.39888473949197456	 0.8735244875675163	 0.42352842860178475	 0.5766747212039961	 0.8896242348401603	 0.0837322051123851	 0.8380245064777482	 0.29117738490824774	 0.9883895642628351	 0.9794101195479579	 0.5	 0.7363118516971942	 0.9964451148244479	 0.15488791333799035
0.9315363745037243	 0.08939019405519188	 0.36787957745320776	 0.2531599563009248	 0.12907118489529434	 0.6208062873793924	 0.39385374533418716	 0.17800894055381733	 0.5667086171376322	 0.018065578746389255	 0.9420188943256881	 0.26368814830280585	 0.5	 0.6569121508936007	 0.3375220064367994
0.06486395208725049	 0.6826184227565423	 0.8435524410986746	 0.6170672188502269	 0.7216650492893577	 0.28182825186893046	 0.796364295019159	 0.778025188137135	 0.44456061428926286	 0.9806843689394366	 0.0947099988385639	 0.003554885175552136	 0.34308784910639933	 0.5	 0.40356990812763704
0.16443262886726007	 0.4394859713734054	 0.0695614174280651	 0.6039021531290782	 0.030245151987533858	 0.5475739555323811	 0.7621666711854969	 0.7088868387378023	 0.8079732542792584	 0.9415684829567709	 0.796093023154083	 0.8451120866620097	 0.6624779935632006	 0.596430091872363	 0.5

0.5	 0.10585648209028797	 0.8858206322607666	 0.38014748604481896	 0.4261497431227661	 0.5738995638860971	 0.22507233858708808	 0.5197932890352474	 0.9756948485008282	 0.7158901622138879	 0.32054759736789096	 0.2941857208889871	 0.8017653635549923	 0.6169802681458341	 0.5384081366567696
0.894143517909712	 0.5	 0.045958433837652746	 0.267025349367244	 0.598245859615352	 0.7696007686022841	 0.3165074238017439	 0.3164444081347788	 0.31547085347044934	 0.376081168167374	 0.7198262915149601	 0.9360189925525476	 0.43862013071418837	 0.6743691942607896	 0.8050052967270324
0.11417936773923343	 0.9540415661623473	 0.5	 0.4001831908752209	 0.1891323971078691	 0.5082241942501745	 0.4232936760071404	 0.1804981758631019	 0.1850141062052233	 0.11164253136923818	 0.8041016229032777	 0.17824871158012134	 0.4978179943014768	 0.6440439230202493	 0.014044529617610158
0.619852513955181	 0.732974650632756	 0.5998168091247791	 0.5	 0.7648637277828045	 0.5609408870803715	 0.49142706312888973	 0.7241088434338473	 0.9666172044110565	 0.5852771687679715	 0.6704389450719789	 0.24224561773458664	 0.013855115738076407	 0.43611592619739936	 0.44671701852544454
0.5738502568772339	 0.40175414038464796	 0.8108676028921309	 0.23513627221719546	 0.5	 0.5821741789466586	 0.39003234083109084	 0.5042712327489354	 0.5845261961669783	 0.9339046596797056	 0.4621333684596062	 0.9647865441725613	 0.4816280213459957	 0.2774654183519034	 0.7515893451324209
0.4261004361139029	 0.2303992313977159	 0.4917758057498255	 0.4390591129196285	 0.41782582105334143	 0.5	 0.9581560080459505	 0.8114826197602887	 0.03854732665151828	 0.9135928309497464	 0.6518567917039197	 0.1942982776793707	 0.6232533911067389	 0.5327511950735523	 0.8440880251511796
0.7749276614129119	 0.6834925761982561	 0.5767063239928596	 0.5085729368711103	 0.6099676591689092	 0.04184399195404953	 0.5	 0.8491077967651118	 0.3888694967532943	 0.9143083213245816	 0.7569640529713889	 0.1409643216946519	 0.10854773090585057	 0.15270320308619179	 0.9330104703222208
0.48020671096475265	 0.6835555918652212	 0.8195018241368981	 0.2758911565661527	 0.49572876725106463	 0.18851738023971132	 0.15089220323488817	 0.5	 0.4305141481466901	 0.2700206690815241	 0.8930237707866583	 0.6966635798685693	 0.657617219345968	 0.6119421252095718	 0.36595223253384557
0.024305151499171784	 0.6845291465295507	 0.8149858937947767	 0.033382795588943526	 0.4154738038330217	 0.9614526733484817	 0.6111305032467057	 0.5694858518533099	 0.5	 0.4715753329892727	 0.6463508279229001	 0.14617503862325532	 0.47308859562243233	 0.35487707604093277	 0.20564561021409133
0.2841098377861121	 0.623918831832626	 0.8883574686307618	 0.41472283123202847	 0.0660953403202944	 0.08640716905025358	 0.08569167867541838	 0.7299793309184759	 0.5284246670107273	 0.5	 0.5403253828569862	 0.9270768221305649	 0.7411575986603295	 0.717967398072102	 0.1420463947089785
0.679452402632109	 0.28017370848503986	 0.1958983770967223	 0.3295610549280211	 0.5378666315403938	 0.34814320829608025	 0.2430359470286111	 0.10697622921334171	 0.3536491720770999	 0.45967461714301383	 0.5	 0.7097481134484229	 0.4617617514534237	 0.05787183731021972	 0.11511426830653448
0.7058142791110129	 0.06398100744745239	 0.8217512884198787	 0.7577543822654134	 0.03521345582743873	 0.8057017223206293	 0.8590356783053481	 0.3033364201314307	 0.8538249613767447	 0.07292317786943514	 0.2902518865515771	 0.5	 0.4015343910454411	 0.8591182302850872	 0.36292394681819784
0.19823463644500772	 0.5613798692858116	 0.5021820056985232	 0.9861448842619236	 0.5183719786540043	 0.37674660889326106	 0.8914522690941494	 0.34238278065403205	 0.5269114043775677	 0.2588424013396705	 0.5382382485465763	 0.5984656089545589	 0.5	 0.12700329261513266	 0.2566940812367733
0.38301973185416593	 0.32563080573921044	 0.35595607697975074	 0.5638840738026006	 0.7225345816480966	 0.4672488049264477	 0.8472967969138082	 0.3880578747904282	 0.6451229239590672	 0.28203260192789803	 0.9421281626897803	 0.14088176971491284	 0.8729967073848673	 0.5	 0.45115610802306594
0.46159186334323044	 0.19499470327296764	 0.9859554703823898	 0.5532829814745555	 0.24841065486757907	 0.15591197484882036	 0.06698952967777916	 0.6340477674661544	 0.7943543897859087	 0.8579536052910215	 0.8848857316934655	 0.6370760531818022	 0.7433059187632267	 0.5488438919769341	 0.5

0.5	 0.24336388029354294	 0.19175179527910058	 0.6627583997175617	 0.38605659930636127	 0.590483366407313	 0.821705902889308	 0.7798182646994735	 0.6205903261342504	 0.2983025553913854	 0.2943730840950748	 0.03896514380532501	 0.2708787376694147	 0.005110235499920512	 0.0416309784616834
0.756636119706457	 0.5	 0.8014637526075863	 0.8541220519125414	 0.17855089321326933	 0.35912463876940337	 0.6090766460414234	 0.13895548536166358	 0.9445419636586772	 0.15835709726853198	 0.69270387500847	 0.35749349377464024	 0.37275036237332393	 0.4489976655513884	 0.5118157914011268
0.8082482047208994	 0.1985362473924137	 0.5	 0.4812254927848627	 0.925934031795666	 0.5216538330825675	 0.028566876115799	 0.42212139823073225	 0.5939310542082669	 0.7163905332034063	 0.9995803791197562	 0.32596995208237023	 0.8278053607941227	 0.6085707947371656	 0.42874456103947256
0.3372416002824383	 0.14587794808745858	 0.5187745072151373	 0.5	 0.9618865751087683	 0.7656347255495538	 0.4211302198427497	 0.46596325979235553	 0.5800914401052799	 0.3986528577642924	 0.48118667888034594	 0.45965492807606667	 0.5094727684089372	 0.2649348900809434	 0.5789261503668076
0.6139434006936387	 0.8214491067867307	 0.07406596820433398	 0.038113424891231706	 0.5	 0.5748960772286945	 0.19711428741064296	 0.9775409735144304	 0.15799420889116522	 0.37445611739291373	 0.35387979486367604	 0.39501014896787034	 0.36916224308460777	 0.02657276570312672	 0.3633121401092233
0.409516633592687	 0.6408753612305966	 0.4783461669174325	 0.2343652744504462	 0.4251039227713055	 0.5	 0.5243228288644368	 0.15282601303438847	 0.35116840230268476	 0.13551731178730264	 0.30992686576334394	 0.6809335988506441	 0.7453091208768893	 0.14336939838448204	 0.30714865159103655
0.178294097110692	 0.3909233539585766	 0.971433123884201	 0.5788697801572503	 0.802885712589357	 0.4756771711355632	 0.5	 0.6852286593229716	 0.13906041660883472	 0.4652852666002635	 0.8642876221459257	 0.4262341505129166	 0.5244944981748174	 0.27698244436939823	 0.8449183125999906
0.22018173530052654	 0.8610445146383364	 0.5778786017692678	 0.5340367402076445	 0.022459026485569633	 0.8471739869656115	 0.3147713406770284	 0.5	 0.3161904589577681	 0.27345562151246705	 0.38404762058008	 0.11040180536366162	 0.49920134089265666	 0.41379232197251226	 0.06780715693830663
0.37940967386574964	 0.05545803634132285	 0.40606894579173314	 0.4199085598947201	 0.8420057911088348	 0.6488315976973152	 0.8609395833911653	 0.6838095410422319	 0.5	 0.9523337999718006	 0.013129622514642114	 0.2691155855405891	 0.7289052129594699	 0.41563411573901055	 0.5103242737675346
0.7016974446086146	 0.841642902731468	 0.2836094667965937	 0.6013471422357076	 0.6255438826070863	 0.8644826882126974	 0.5347147333997365	 0.726544378487533	 0.047666200028199435	 0.5	 0.38374512409980743	 0.5561588570683554	 0.9852080991014256	 0.898048909739622	 0.45235604373341176
0.7056269159049252	 0.30729612499153003	 4.196208802438317E-4	 0.5188133211196541	 0.646120205136324	 0.6900731342366561	 0.1357123778540743	 0.61595237941992	 0.9868703774853579	 0.6162548759001926	 0.5	 0.7226742312638575	 0.42258781449522287	 0.6745214433287257	 0.05294078756599119
0.961034856194675	 0.6425065062253598	 0.6740300479176298	 0.5403450719239333	 0.6049898510321297	 0.3190664011493559	 0.5737658494870834	 0.8895981946363384	 0.7308844144594109	 0.44384114293164456	 0.27732576873614245	 0.5	 0.4168708758539629	 0.6336866975580836	 0.1827630367473122
0.7291212623305853	 0.6272496376266761	 0.1721946392058773	 0.4905272315910628	 0.6308377569153922	 0.2546908791231107	 0.4755055018251826	 0.5007986591073433	 0.27109478704053014	 0.014791900898574406	 0.5774121855047771	 0.5831291241460371	 0.5	 0.342052287198923	 0.35297656379068465
0.9948897645000795	 0.5510023344486116	 0.3914292052628344	 0.7350651099190566	 0.9734272342968733	 0.856630601615518	 0.7230175556306018	 0.5862076780274877	 0.5843658842609895	 0.10195109026037796	 0.32547855667127434	 0.3663133024419164	 0.657947712801077	 0.5	 0.32477855241327547
0.9583690215383166	 0.48818420859887324	 0.5712554389605274	 0.4210738496331924	 0.6366878598907767	 0.6928513484089635	 0.15508168740000938	 0.9321928430616934	 0.48967572623246536	 0.5476439562665882	 0.9470592124340088	 0.8172369632526878	 0.6470234362093154	 0.6752214475867245	 0.5

0.5	 0.2416797612292776	 0.6335292134367018	 0.1755327885375756	 0.43197035596017397	 0.3231420680909186	 0.8280746114244181	 0.048883022239088136	 0.7399952719036967	 0.8908542990584087	 0.03279691400547624	 0.9144121834851621	 0.8106521904132966	 0.33658430211305257	 0.0712382022094824
0.7583202387707224	 0.5	 0.6309014527064315	 0.6429629073147843	 0.0934453667646924	 0.7317080788628767	 0.988686010636468	 0.5752718297402246	 0.4341062076106662	 0.4345792423171304	 0.989942160329439	 0.6880708835089746	 0.9369898254888797	 0.08967425343349233	 0.7218442009916309
0.36647078656329823	 0.3690985472935685	 0.5	 0.2047313775901921	 0.37378749790992893	 0.7586420472038949	 0.5275778263564624	 0.6793573772270558	 0.2764972987095534	 0.24991828212395162	 0.5132040039715988	 0.22679637776402428	 0.8533289319001892	 0.4428089391185397	 0.1676259250093456
0.8244672114624244	 0.35703709268521566	 0.7952686224098079	 0.5	 0.1719128890843109	 0.2402000001525686	 0.962431334726565	 0.01841877643006773	 0.27355087298631886	 0.2981811919553836	 0.8086932100591233	 0.7980403564238213	 0.11318143537489178	 0.29713094711421195	 0.6801843274060584
0.568029644039826	 0.9065546332353076	 0.6262125020900711	 0.8280871109156891	 0.5	 0.5529479630744334	 0.3290524339903146	 0.8618929047789043	 0.02780189153505097	 0.492405189161806	 0.12372698876598431	 0.49981214965468856	 0.32312503303108986	 0.144269777727299	 0.8762179926724609
0.6768579319090814	 0.2682919211371233	 0.24135795279610506	 0.7597999998474314	 0.4470520369255666	 0.5	 0.8769592931830515	 0.6329999257816724	 0.5618116510607497	 0.7494965846467145	 0.7653339675124831	 0.3544919856224339	 0.9086179197714422	 0.8999719277466076	 0.24445247370232792
0.17192538857558193	 0.011313989363532007	 0.47242217364353756	 0.03756866527343505	 0.6709475660096854	 0.12304070681694845	 0.5	 0.8833067407538301	 0.7378997493290748	 0.2676111857964869	 0.3081066962049819	 0.06397670464752414	 0.678023336020885	 0.9536875570297946	 0.500714731589508
0.9511169777609119	 0.4247281702597754	 0.3206426227729442	 0.9815812235699323	 0.13810709522109565	 0.3670000742183276	 0.11669325924616991	 0.5	 0.5015566968860469	 0.03784557669647215	 0.8777157146871241	 0.5875658796397065	 0.20226512786640338	 0.053442444317352567	 0.7459534624378173
0.26000472809630326	 0.5658937923893338	 0.7235027012904466	 0.7264491270136811	 0.972198108464949	 0.4381883489392503	 0.26210025067092524	 0.49844330311395313	 0.5	 0.5493961084687055	 0.5544545495067881	 0.1120758260891197	 0.36091932373175795	 0.38411238834980443	 0.3614897561070285
0.10914570094159126	 0.5654207576828696	 0.7500817178760484	 0.7018188080446164	 0.507594810838194	 0.25050341535328546	 0.7323888142035131	 0.9621544233035279	 0.45060389153129454	 0.5	 0.30975311966741137	 0.9546956006568741	 0.2971174181275352	 0.49455705961836105	 0.1254904290775627
0.9672030859945238	 0.010057839670560953	 0.4867959960284012	 0.1913067899408767	 0.8762730112340157	 0.23466603248751694	 0.6918933037950181	 0.12228428531287594	 0.4455454504932119	 0.6902468803325886	 0.5	 0.5383572755419377	 0.8665687830298882	 0.7461237637534274	 0.8283994941411232
0.08558781651483793	 0.3119291164910254	 0.7732036222359757	 0.20195964357617868	 0.5001878503453114	 0.6455080143775661	 0.9360232953524759	 0.4124341203602935	 0.8879241739108803	 0.04530439934312591	 0.4616427244580623	 0.5	 0.2256867969328229	 0.6810400033708495	 0.6337122769094965
0.1893478095867034	 0.06301017451112034	 0.1466710680998108	 0.8868185646251082	 0.6768749669689101	 0.09138208022855776	 0.32197666397911495	 0.7977348721335966	 0.639080676268242	 0.7028825818724648	 0.13343121697011184	 0.7743132030671771	 0.5	 0.4729748778202204	 0.11140577917738614
0.6634156978869474	 0.9103257465665077	 0.5571910608814603	 0.702869052885788	 0.855730222272701	 0.10002807225339239	 0.046312442970205425	 0.9465575556826474	 0.6158876116501956	 0.505442940381639	 0.25387623624657263	 0.31895999662915053	 0.5270251221797796	 0.5	 0.7644327715178704
0.9287617977905176	 0.27815579900836906	 0.8323740749906544	 0.3198156725939416	 0.12378200732753908	 0.7555475262976721	 0.49928526841049203	 0.25404653756218265	 0.6385102438929715	 0.8745095709224373	 0.17160050585887676	 0.3662877230905035	 0.8885942208226139	 0.23556722848212963	 0.5

0.5	 0.01632348437733444	 0.578244277715522	 0.14941370130003673	 0.717823856493538	 0.9969173509088955	 0.43199969725048826	 0.6003223593917476	 0.1783091628875706	 0.777194033244227	 0.11575192086332997	 0.5010890333868125	 0.26924127105665396	 0.9675855691809441	 0.7869326823942955
0.9836765156226656	 0.5	 0.5207536826171831	 0.3646191505677434	 0.6574238752473047	 0.5959279479790557	 0.6353311766124932	 0.7448797692633962	 0.5209696899547437	 0.9403966427719583	 0.07476382526090442	 0.9131069335116055	 0.7015489745356135	 0.37645830919500334	 0.8255849037789413
0.421755722284478	 0.47924631738281687	 0.5	 0.8805022747107115	 0.7792474075525967	 0.21217089245472376	 0.43663774283614754	 0.09546532153400855	 0.9567152001622823	 0.36438377846278525	 0.7199221809025655	 0.8869185093300057	 0.7079851798217894	 0.146965405513668	 0.5646164661643621
0.8505862986999633	 0.6353808494322566	 0.11949772528928848	 0.5	 0.5200524027187047	 0.5268099816809874	 0.2765686231666534	 0.4895491518713251	 0.22145498873607938	 0.08387452513567395	 0.5315116122377521	 0.7478722560475651	 0.8206284538198347	 0.05634225308090357	 0.18001514993859258
0.28217614350646203	 0.3425761247526953	 0.2207525924474033	 0.4799475972812953	 0.5	 0.7674134772764166	 0.9761854215462133	 0.12854493776972298	 0.5059525210322469	 0.4611618856866234	 0.30755627058151047	 0.17922731253682456	 0.5034308812773873	 0.4745678101857511	 0.13682750451842396
0.00308264909110445	 0.4040720520209443	 0.7878291075452762	 0.47319001831901264	 0.23258652272358338	 0.5	 0.46860967101227324	 0.08593839347115828	 0.7498145432803756	 0.9603710532481925	 0.7176326927346187	 0.9614543315376232	 0.8819459851131582	 0.21621249651339525	 0.33210076030425295
0.5680003027495117	 0.36466882338750684	 0.5633622571638525	 0.7234313768333466	 0.02381457845378665	 0.5313903289877268	 0.5	 0.6618342037025833	 0.6177104039309536	 0.3906262395835933	 0.6660412743679325	 0.08294574201006177	 0.5052080680288747	 0.016233823899432176	 0.14144930479961104
0.3996776406082524	 0.25512023073660384	 0.9045346784659914	 0.5104508481286749	 0.871455062230277	 0.9140616065288417	 0.3381657962974167	 0.5	 0.2914452959451428	 0.14090602801408547	 0.6539214132202267	 0.24568802813895008	 0.2847491236389609	 0.6803104040810009	 0.5221808992392637
0.8216908371124294	 0.4790303100452563	 0.04328479983771771	 0.7785450112639206	 0.49404747896775314	 0.25018545671962444	 0.38228959606904644	 0.7085547040548572	 0.5	 0.9131676702133864	 0.8526671658006136	 0.2795632535379311	 0.04001862750326812	 0.5645264464957674	 0.6823315126123627
0.22280596675577302	 0.059603357228041665	 0.6356162215372148	 0.916125474864326	 0.5388381143133766	 0.0396289467518075	 0.6093737604164067	 0.8590939719859145	 0.0868323297866136	 0.5	 0.9174571014461218	 0.18336447293326652	 0.12438928117184667	 0.3724659206819432	 0.6108373447684602
0.88424807913667	 0.9252361747390956	 0.28007781909743446	 0.4684883877622479	 0.6924437294184895	 0.2823673072653813	 0.3339587256320675	 0.3460785867797733	 0.14733283419938636	 0.0825428985538782	 0.5	 0.2199533248049137	 0.6678810131862881	 0.07870610774588727	 0.38108905072587773
0.49891096661318746	 0.08689306648839445	 0.11308149066999429	 0.25212774395243487	 0.8207726874631754	 0.038545668462376836	 0.9170542579899382	 0.7543119718610499	 0.7204367464620689	 0.8166355270667335	 0.7800466751950863	 0.5	 0.08393975181200208	 0.95642285219615	 0.09859560585208493
0.730758728943346	 0.2984510254643865	 0.29201482017821057	 0.17937154618016526	 0.49656911872261267	 0.11805401488684175	 0.49479193197112525	 0.7152508763610391	 0.9599813724967319	 0.8756107188281533	 0.3321189868137119	 0.9160602481879979	 0.5	 0.4553809826885368	 0.37904619892348
0.03241443081905593	 0.6235416908049967	 0.853034594486332	 0.9436577469190964	 0.5254321898142489	 0.7837875034866048	 0.9837661761005678	 0.31968959591899915	 0.43547355350423256	 0.6275340793180568	 0.9212938922541127	 0.043577147803850025	 0.5446190173114632	 0.5	 0.014942107137323024
0.21306731760570452	 0.17441509622105866	 0.4353835338356379	 0.8199848500614074	 0.863172495481576	 0.667899239695747	 0.858550695200389	 0.4778191007607363	 0.3176684873876373	 0.3891626552315398	 0.6189109492741223	 0.9014043941479151	 0.62095380107652	 0.985057892862677	 0.5

0.5	 0.11915160401505842	 0.3223783751793211	 0.5824367042119343	 0.07855808945633613	 0.5465708261419369	 0.45934709402669904	 0.20496301273267992	 0.5657361812013045	 0.36542183943182616	 0.6160522057174851	 0.4419593802493542	 0.8906206872578728	 0.6271686421479512	 0.9984982072577544
0.8808483959849416	 0.5	 0.22431220193943557	 0.3681360752800694	 0.09983064808943487	 0.7510778278049071	 0.71521393002231	 0.32085786644325864	 0.7130507315306766	 0.7506937062473833	 0.8321855257353084	 0.9565166215583457	 0.293493369574204	 0.13015220740148525	 0.2786824973096633
0.6776216248206789	 0.7756877980605644	 0.5	 0.28545783703360184	 0.7832301242082594	 0.9629882441286176	 0.790148806138761	 0.5419558262308044	 0.2284965642788146	 0.9881701698327505	 0.6597349295626144	 0.9101929825367155	 0.7021812302045732	 0.7306717887349679	 0.25049750553440897
0.4175632957880657	 0.6318639247199306	 0.7145421629663982	 0.5	 0.22388061506322576	 0.9806337641118604	 0.8826885319693921	 0.12374987611385413	 0.7079109403756563	 0.23385595455106778	 0.3503130959087709	 0.6173341670445369	 0.761094411731955	 0.20786607376939992	 0.9417755687605681
0.9214419105436639	 0.9001693519105651	 0.21676987579174056	 0.7761193849367742	 0.5	 0.19293737740332828	 0.2409502401297806	 0.3790030845223794	 0.27589168957346044	 0.6381753080812955	 0.7046822289221975	 0.3421644037134155	 0.1231520443886025	 0.2570194777023894	 0.5848862502248002
0.45342917385806314	 0.24892217219509294	 0.03701175587138239	 0.01936623588813957	 0.8070626225966717	 0.5	 0.25844709891390083	 0.056924394435496684	 0.5112447112059336	 0.334199210948787	 0.5323889872391248	 0.9885298185205472	 0.1859249952120554	 0.16001414110791423	 0.014982791213380864
0.540652905973301	 0.28478606997768996	 0.20985119386123896	 0.11731146803060788	 0.7590497598702194	 0.7415529010860992	 0.5	 0.887492843436007	 0.04360879354801095	 0.08854943465570764	 0.9358630149301139	 0.7470547124096254	 0.10465458713638032	 0.7469748465124996	 0.45654175951720777
0.7950369872673201	 0.6791421335567414	 0.4580441737691956	 0.8762501238861459	 0.6209969154776206	 0.9430756055645033	 0.11250715656399302	 0.5	 0.645077968564967	 0.1453105444255326	 0.4329606316865202	 0.2062961953454312	 0.5717593994528734	 0.7404726682897484	 0.752930276363022
0.43426381879869547	 0.28694926846932345	 0.7715034357211854	 0.2920890596243437	 0.7241083104265396	 0.4887552887940664	 0.956391206451989	 0.354922031435033	 0.5	 0.41328719229634614	 0.5481079791143644	 0.19465824141017152	 0.353461512222103	 0.27571476976380593	 0.44293286339696847
0.6345781605681738	 0.2493062937526167	 0.011829830167249478	 0.7661440454489322	 0.3618246919187045	 0.665800789051213	 0.9114505653442924	 0.8546894555744674	 0.5867128077036539	 0.5	 0.002582030266454094	 0.044694187607741354	 0.031293129522453	 0.8111259924453652	 0.059825248214005144
0.3839477942825149	 0.16781447426469165	 0.34026507043738563	 0.6496869040912291	 0.29531777107780255	 0.46761101276087524	 0.06413698506988608	 0.5670393683134798	 0.4518920208856356	 0.9974179697335459	 0.5	 0.9202677034551487	 0.7780540505994528	 0.02231273269094247	 0.7044378314900884
0.5580406197506458	 0.043483378441654286	 0.08980701746328446	 0.3826658329554631	 0.6578355962865845	 0.011470181479452779	 0.2529452875903746	 0.7937038046545688	 0.8053417585898285	 0.9553058123922586	 0.07973229654485126	 0.5	 0.9152248398700044	 0.4754644121923054	 0.9264833817616701
0.1093793127421272	 0.706506630425796	 0.29781876979542676	 0.23890558826804498	 0.8768479556113975	 0.8140750047879446	 0.8953454128636197	 0.42824060054712665	 0.646538487777897	 0.968706870477547	 0.22194594940054724	 0.08477516012999564	 0.5	 0.8119170971913523	 0.61148269232518
0.3728313578520488	 0.8698477925985147	 0.26932821126503215	 0.7921339262306001	 0.7429805222976106	 0.8399858588920858	 0.25302515348750043	 0.25952733171025155	 0.7242852302361941	 0.1888740075546348	 0.9776872673090575	 0.5245355878076946	 0.1880829028086477	 0.5	 0.712069854852432
0.0015017927422456001	 0.7213175026903367	 0.749502494465591	 0.058224431239431884	 0.41511374977519977	 0.9850172087866191	 0.5434582404827922	 0.247069723636978	 0.5570671366030315	 0.9401747517859949	 0.29556216850991157	 0.07351661823832989	 0.38851730767481996	 0.287930145147568	 0.5

0.5	 0.587058069367023	 0.3189378389950124	 0.8934204929651243	 0.7168608594931046	 0.5896314973140963	 0.8877460120208663	 0.7544955134487186	 0.7793468660706877	 0.21542341988374714	 0.7822496048134212	 0.5812172517806262	 0.5132513420775806	 0.21623836125529083	 0.47918702660408974
0.412941930632977	 0.5	 0.4547833398570348	 0.48862788032844384	 0.23621025707751875	 0.4564956486169145	 0.7045812502592532	 0.23867594096099742	 0.09979470314365424	 0.3802083299874278	 0.17447169563039688	 0.5922447536641318	 0.12196371747476686	 0.46099016700398654	 0.5811137919199117
0.6810621610049876	 0.5452166601429652	 0.5	 0.29818523244945716	 0.1938073283022992	 0.26989731750022394	 0.6984937863195253	 0.4816198878264055	 0.9289729301847551	 0.6867278958174726	 0.9006698707892835	 0.7466138361930329	 0.4698499080605072	 0.06937451391128913	 0.6738479114493844
0.10657950703487573	 0.5113721196715562	 0.7018147675505428	 0.5	 0.5453951910711348	 0.6471332611083331	 0.17887700453632271	 0.06925402137423764	 0.7711862180712004	 0.062377503987451455	 0.8724127692528243	 0.7098715329054236	 0.3998711767452904	 0.32037713785987576	 0.08525128567468576
0.28313914050689537	 0.7637897429224813	 0.8061926716977008	 0.45460480892886523	 0.5	 0.8869617576744588	 0.40514082062318424	 0.07668808529764226	 0.16273873393463234	 0.4863889597166836	 0.10241739465348598	 0.7853301285138986	 0.17466723988184507	 0.9701223849337188	 0.53877829773673
0.41036850268590375	 0.5435043513830855	 0.7301026824997761	 0.35286673889166686	 0.11303824232554116	 0.5	 0.032687096004037186	 0.44692255098093403	 0.40488862106135404	 0.5392602643559689	 0.1258483698678391	 0.17909307677215291	 0.5778000891405997	 0.5443404386968062	 0.16711168346301286
0.11225398797913366	 0.2954187497407468	 0.3015062136804747	 0.8211229954636773	 0.5948591793768158	 0.9673129039959628	 0.5	 0.6817622284880347	 0.5678866630048846	 0.42905447267911867	 0.19109356384707699	 0.46349498630934627	 0.752808812305616	 0.08112580417690252	 0.06687063743656174
0.24550448655128143	 0.7613240590390026	 0.5183801121735945	 0.9307459786257624	 0.9233119147023577	 0.553077449019066	 0.3182377715119653	 0.5	 0.12506886110315385	 0.12163258002591493	 0.633644608084278	 0.7748016898977451	 0.7772879615447105	 0.9373978557784471	 0.8972486220215297
0.2206531339293123	 0.9002052968563458	 0.07102706981524487	 0.22881378192879964	 0.8372612660653677	 0.595111378938646	 0.43211333699511545	 0.8749311388968462	 0.5	 0.3561561372258484	 0.4887591263697626	 0.24731351998257867	 0.7174226204812645	 0.30340215118230507	 0.09129637107128252
0.7845765801162529	 0.6197916700125722	 0.3132721041825274	 0.9376224960125485	 0.5136110402833164	 0.46073973564403115	 0.5709455273208813	 0.8783674199740851	 0.6438438627741516	 0.5	 0.47376389099557814	 0.6944466897311022	 0.4099838402892274	 0.5231609192659371	 0.33591327904824875
0.2177503951865788	 0.8255283043696031	 0.09933012921071649	 0.1275872307471757	 0.897582605346514	 0.8741516301321609	 0.808906436152923	 0.366355391915722	 0.5112408736302374	 0.5262361090044219	 0.5	 0.946688069705033	 0.13064285422292865	 0.7741313161243987	 0.6495460591517417
0.4187827482193738	 0.40775524633586824	 0.2533861638069671	 0.2901284670945764	 0.2146698714861014	 0.8209069232278471	 0.5365050136906537	 0.22519831010225488	 0.7526864800174213	 0.30555331026889776	 0.05331193029496695	 0.5	 0.3723451965762593	 0.3168175514598901	 0.4114388115513914
0.4867486579224194	 0.8780362825252331	 0.5301500919394928	 0.6001288232547096	 0.8253327601181549	 0.42219991085940034	 0.24719118769438397	 0.22271203845528953	 0.2825773795187355	 0.5900161597107726	 0.8693571457770713	 0.6276548034237407	 0.5	 0.1318824390047656	 0.17041674379125826
0.7837616387447092	 0.5390098329960135	 0.9306254860887109	 0.6796228621401242	 0.02987761506628117	 0.45565956130319385	 0.9188741958230975	 0.06260214422155286	 0.6965978488176949	 0.4768390807340629	 0.22586868387560133	 0.6831824485401099	 0.8681175609952344	 0.5	 0.7863782005779777
0.5208129733959103	 0.41888620808008825	 0.3261520885506156	 0.9147487143253142	 0.46122170226327	 0.8328883165369871	 0.9331293625634383	 0.10275137797847034	 0.9087036289287175	 0.6640867209517513	 0.3504539408482583	 0.5885611884486086	 0.8295832562087417	 0.2136217994220223	 0.5

0.5	 0.37132341872473673	 0.6397164683916072	 0.4394839660137977	 0.5120267096218727	 0.8888731462053818	 0.2722406474776905	 0.260422981004938	 0.22047981608838385	 0.40134758147945226	 0.5416272535248272	 0.4950745214146157	 0.7657810274009932	 0.9723682157534999	 0.1990945101788597
0.6286765812752633	 0.5	 0.8472322189427245	 0.4842769029095242	 0.4411641513649478	 0.7146492373576488	 0.6762597824956718	 0.624806275246711	 0.36687295845273704	 0.526538037195722	 0.9720128720779979	 0.20325465776091856	 0.603000032974316	 0.6628994237089121	 0.245335248371912
0.36028353160839277	 0.1527677810572755	 0.5	 0.8620149365886098	 0.9481118589263067	 0.5266631284755772	 0.47209876206414736	 0.42432690827616437	 0.6479399668565222	 0.690406662068243	 0.5734841152627427	 0.5297561895682608	 0.13442458442695393	 0.13479345934111964	 0.04117511843477628
0.5605160339862023	 0.5157230970904758	 0.13798506341139016	 0.5	 0.4646130093979798	 0.27882757891275256	 0.4823809452349933	 0.22336643492776753	 0.059899356027423356	 0.6088968276763327	 0.4280009841293537	 0.47596072009178236	 0.319413260737173	 0.3941649849551684	 0.7475788686093114
0.4879732903781273	 0.5588358486350522	 0.05188814107369333	 0.5353869906020202	 0.5	 0.853058320406421	 0.2619273321116057	 0.23881761767075937	 0.9791718870484708	 0.26181830470341483	 0.3138973214949182	 0.8381670712652651	 0.113171499098076	 0.03899754807272671	 0.4729468864076811
0.11112685379461817	 0.28535076264235115	 0.47333687152442283	 0.7211724210872474	 0.14694167959357896	 0.5	 0.8526197799467347	 0.40302808851703675	 0.7199494106216718	 0.3774123989709708	 0.4321269631445189	 0.7135209798295202	 0.3655918491370591	 0.36352141885852063	 0.7844593374552412
0.7277593525223095	 0.32374021750432824	 0.5279012379358526	 0.5176190547650067	 0.7380726678883943	 0.14738022005326534	 0.5	 0.6605103891728021	 0.1888299835664612	 0.5693174986674228	 0.3222486756346503	 0.1642720813863756	 0.3791457553184	 0.1532328354053405	 0.34659051118646655
0.739577018995062	 0.37519372475328905	 0.5756730917238356	 0.7766335650722325	 0.7611823823292406	 0.5969719114829632	 0.33948961082719786	 0.5	 0.9379299186090245	 0.9625428754329847	 0.735249446577607	 0.9291033466414783	 0.8631648841903332	 0.2537628953159957	 0.23987867549310837
0.7795201839116161	 0.633127041547263	 0.3520600331434778	 0.9401006439725766	 0.0208281129515292	 0.28005058937832816	 0.8111700164335388	 0.06207008139097547	 0.5	 0.639692283057314	 0.16729379966226487	 0.9586637239319612	 0.42272761987026286	 0.03386523290420973	 0.8089749443086802
0.5986524185205477	 0.473461962804278	 0.30959333793175703	 0.3911031723236673	 0.7381816952965852	 0.6225876010290292	 0.43068250133257724	 0.03745712456701533	 0.36030771694268604	 0.5	 0.26687945034171434	 0.4962107525089354	 0.3613028598283836	 0.5042113153299368	 0.3383561243523123
0.4583727464751728	 0.027987127922002086	 0.4265158847372573	 0.5719990158706463	 0.6861026785050818	 0.5678730368554811	 0.6777513243653497	 0.26475055342239295	 0.8327062003377351	 0.7331205496582857	 0.5	 0.4350030891079891	 0.7864836827796227	 0.3799872092722977	 0.43208521085659135
0.5049254785853843	 0.7967453422390814	 0.47024381043173924	 0.5240392799082176	 0.16183292873473487	 0.28647902017047977	 0.8357279186136244	 0.07089665335852169	 0.0413362760680388	 0.5037892474910646	 0.5649969108920109	 0.5	 0.7381215113440234	 0.5225183060365922	 0.32978698833046804
0.2342189725990068	 0.39699996702568396	 0.8655754155730461	 0.680586739262827	 0.886828500901924	 0.6344081508629409	 0.6208542446816	 0.13683511580966679	 0.5772723801297371	 0.6386971401716164	 0.21351631722037734	 0.2618784886559766	 0.5	 0.5513326790134736	 0.6520587431316511
0.027631784246500146	 0.3371005762910879	 0.8652065406588804	 0.6058350150448316	 0.9610024519272733	 0.6364785811414794	 0.8467671645946595	 0.7462371046840043	 0.9661347670957903	 0.4957886846700632	 0.6200127907277023	 0.4774816939634078	 0.4486673209865264	 0.5	 0.6709475568556307
0.8009054898211403	 0.754664751628088	 0.9588248815652237	 0.25242113139068856	 0.5270531135923189	 0.2155406625447588	 0.6534094888135334	 0.7601213245068916	 0.19102505569131978	 0.6616438756476877	 0.5679147891434086	 0.670213011669532	 0.34794125686834887	 0.3290524431443693	 0.5

0.5	 0.34102155219523744	 0.829731560681219	 0.5677411454660047	 0.9726567535385	 0.5957892237247149	 0.9561535319303242	 0.7623220467243685	 0.4311437889849564	 0.5902024071950656	 0.7159019317341684	 0.5469481015224378	 0.07957842479207733	 0.6171943688592176	 0.5088309871419374
0.6589784478047626	 0.5	 0.5760881864138243	 0.42661805143496934	 0.4937517319382301	 0.6790602192866122	 0.8597969830710697	 0.9275532335238991	 0.42172674297144075	 0.01671497696358193	 0.8399262873354317	 0.5250903276491838	 0.11096789096354032	 0.33876581627676583	 0.2643758335579779
0.170268439318781	 0.4239118135861757	 0.5	 0.9652319471646894	 0.5382128712389049	 0.3761698049134058	 0.35636227896153794	 0.3366499950514734	 0.31382006885401637	 0.5509627136060554	 0.7024430066661279	 0.09151642878641353	 0.13329812309371314	 0.7396458093150718	 0.6160390068919495
0.43225885453399526	 0.5733819485650307	 0.03476805283531059	 0.5	 0.27157722282858243	 0.20172502787619195	 0.7881569390005698	 0.47245911814903785	 0.78532502081824	 0.8365324077100386	 0.368909898724064	 0.6569356833887977	 0.36044677884204324	 0.6777618697777156	 0.7518328925520311
0.027343246461499993	 0.5062482680617699	 0.46178712876109507	 0.7284227771714176	 0.5	 0.3189394236474733	 0.23029234110131114	 0.0647844514143936	 0.1990303729723426	 0.08404894934689955	 0.7039312657543618	 0.1746061519186347	 0.9866396483199126	 0.23890872610452085	 0.5164340251534685
0.4042107762752851	 0.3209397807133878	 0.6238301950865942	 0.798274972123808	 0.6810605763525267	 0.5	 0.45926583024277823	 0.5076474885058152	 0.6753164759858685	 0.25933552909732427	 0.7684643242068484	 0.5158784292120722	 0.05623916178265598	 0.25080827844371734	 0.29844630712311915
0.04384646806967585	 0.14020301692893034	 0.6436377210384621	 0.21184306099943018	 0.7697076588986889	 0.5407341697572218	 0.5	 0.33406081318186187	 0.24956453001384704	 0.9208930449624065	 0.16928997857414108	 0.7678227343074637	 0.06465276733247782	 0.15920531643996227	 1.4128182864947547E-4
0.23767795327563146	 0.07244676647610093	 0.6633500049485266	 0.5275408818509622	 0.9352155485856064	 0.4923525114941848	 0.6659391868181381	 0.5	 0.5426648068496392	 0.7222608105287263	 0.10085603749171956	 0.32556321273941136	 0.31240221407958557	 0.29016979531491505	 0.510895610006062
0.5688562110150436	 0.5782732570285593	 0.6861799311459836	 0.21467497918176004	 0.8009696270276574	 0.3246835240141315	 0.750435469986153	 0.45733519315036075	 0.5	 0.0760531490498012	 0.6752637995402744	 0.5248535269213073	 0.26841005189308553	 0.6319139517949973	 0.1777814225069395
0.40979759280493444	 0.9832850230364181	 0.4490372863939446	 0.16346759228996144	 0.9159510506531005	 0.7406644709026757	 0.07910695503759346	 0.27773918947127374	 0.9239468509501988	 0.5	 0.17378409203070977	 0.4484688409261812	 0.15204729077387147	 0.9867975428193492	 0.8134783017177508
0.2840980682658316	 0.16007371266456827	 0.2975569933338721	 0.631090101275936	 0.2960687342456382	 0.2315356757931516	 0.8307100214258589	 0.8991439625082804	 0.3247362004597256	 0.8262159079692902	 0.5	 0.15344460649780933	 0.9778710136504487	 0.7663651301250277	 0.7251466764223358
0.4530518984775622	 0.47490967235081616	 0.9084835712135865	 0.3430643166112023	 0.8253938480813653	 0.48412157078792784	 0.23217726569253627	 0.6744367872605886	 0.47514647307869273	 0.5515311590738188	 0.8465553935021907	 0.5	 0.5547940455482323	 0.9174442375497165	 0.30900870729446395
0.9204215752079227	 0.8890321090364597	 0.8667018769062869	 0.6395532211579568	 0.013360351680087423	 0.943760838217344	 0.9353472326675222	 0.6875977859204144	 0.7315899481069145	 0.8479527092261285	 0.022128986349551294	 0.4452059544517677	 0.5	 0.14281399428564134	 0.5722111189713156
0.38280563114078237	 0.6612341837232342	 0.26035419068492816	 0.3222381302222844	 0.7610912738954791	 0.7491917215562827	 0.8407946835600377	 0.709830204685085	 0.3680860482050027	 0.013202457180650828	 0.23363486987497228	 0.08255576245028351	 0.8571860057143587	 0.5	 0.12601776932022968
0.4911690128580626	 0.7356241664420221	 0.38396099310805054	 0.24816710744796888	 0.4835659748465315	 0.7015536928768809	 0.9998587181713505	 0.489104389993938	 0.8222185774930605	 0.18652169828224918	 0.27485332357766423	 0.690991292705536	 0.4277888810286844	 0.8739822306797703	 0.5

0.5	 0.7475876329175661	 0.7894648632215301	 0.5459369458965073	 0.6112346661881009	 0.5798676281820253	 0.4880617820000036	 0.3985226727838129	 0.5315453697998417	 0.4276317313651893	 0.6210401918344266	 0.8642377940988722	 0.3874468032625936	 0.8737796454400095	 0.06890848240254277
0.25241236708243386	 0.5	 0.2627901158352589	 0.4762444899025272	 0.9426858507823398	 0.3108664654560297	 0.6043148934295024	 0.7464764874490067	 0.715071411737152	 0.7455729109988858	 0.6220822179288414	 0.6508545691948225	 0.6034449453450099	 0.42880675801453183	 0.8276055286941483
0.2105351367784699	 0.7372098841647411	 0.5	 0.6974864200892108	 0.5471763672800172	 0.6328382796265586	 0.4219213981569092	 0.6984334613800722	 0.605994195305342	 0.20361445387357546	 0.38216355435662497	 0.1765715024512906	 0.4316724358858066	 0.2944024375578036	 0.8091543888728004
0.4540630541034927	 0.5237555100974728	 0.3025135799107892	 0.5	 0.384887027069289	 0.8799012329851684	 0.6883243055296453	 0.6695899928274647	 0.9167549058198403	 0.5878109017808173	 0.5872544605465237	 0.3954952438936734	 0.9414077103951961	 0.6873457273642091	 0.4408411707144505
0.38876533381189915	 0.057314149217660204	 0.4528236327199828	 0.615112972930711	 0.5	 0.41397776032435296	 0.6857210835655323	 0.9506610406882825	 0.11695206561332805	 0.5719108424958318	 0.9016032546957337	 0.5709428923409965	 0.473632666620483	 0.593026836719289	 0.7076915279845009
0.4201323718179747	 0.6891335345439703	 0.3671617203734414	 0.12009876701483158	 0.586022239675647	 0.5	 0.47052660275973557	 0.18270624761169518	 0.15900473809355287	 0.37472147367891995	 0.4979171596443388	 0.47643219130948067	 0.9414860505010904	 0.33585019601046284	 0.12629054665254458
0.5119382179999964	 0.3956851065704976	 0.5780786018430908	 0.3116756944703547	 0.3142789164344677	 0.5294733972402644	 0.5	 0.34117916481454114	 0.9285560386827446	 0.9463775495492223	 0.2982821418891367	 0.5658584531644326	 0.6870778027187623	 0.29172432463372866	 0.8753443830780758
0.6014773272161871	 0.25352351255099326	 0.30156653861992777	 0.3304100071725353	 0.0493389593117175	 0.8172937523883048	 0.6588208351854589	 0.5	 0.9679017813229176	 0.7813689816759253	 0.648190035277649	 0.7446831491061067	 0.06585756356408434	 0.42906193828725614	 0.037927001336480415
0.4684546302001583	 0.28492858826284795	 0.39400580469465796	 0.08324509418015968	 0.883047934386672	 0.8409952619064471	 0.07144396131725539	 0.0320982186770824	 0.5	 0.012758013033074	 0.44521727118438426	 0.6165901807824954	 0.6877316525161055	 0.8715587195153506	 0.07287448184109091
0.5723682686348107	 0.2544270890011142	 0.7963855461264245	 0.4121890982191827	 0.4280891575041682	 0.62527852632108	 0.05362245045077774	 0.21863101832407472	 0.987241986966926	 0.5	 0.31959512577404015	 0.10066791818362908	 0.6623467394136839	 0.8556565951652342	 0.17764908090092402
0.3789598081655734	 0.37791778207115856	 0.617836445643375	 0.41274553945347625	 0.09839674530426634	 0.5020828403556612	 0.7017178581108633	 0.35180996472235104	 0.5547827288156157	 0.6804048742259599	 0.5	 0.8802015168236451	 0.38127695848675025	 0.8096593387115549	 0.9580416634753616
0.13576220590112775	 0.34914543080517746	 0.8234284975487094	 0.6045047561063266	 0.4290571076590035	 0.5235678086905193	 0.4341415468355674	 0.25531685089389333	 0.3834098192175046	 0.8993320818163709	 0.11979848317635489	 0.5	 0.40843848861411025	 0.3722914042799258	 0.3096525754390804
0.6125531967374064	 0.3965550546549901	 0.5683275641141934	 0.05859228960480389	 0.526367333379517	 0.058513949498909645	 0.3129221972812377	 0.9341424364359157	 0.31226834748389454	 0.33765326058631606	 0.6187230415132497	 0.5915615113858897	 0.5	 0.4099784124123048	 0.973224606033672
0.12622035455999048	 0.5711932419854682	 0.7055975624421964	 0.31265427263579093	 0.406973163280711	 0.6641498039895372	 0.7082756753662713	 0.5709380617127439	 0.12844128048464942	 0.14434340483476582	 0.19034066128844507	 0.6277085957200742	 0.5900215875876952	 0.5	 0.23490358604138062
0.9310915175974572	 0.17239447130585173	 0.19084561112719955	 0.5591588292855495	 0.29230847201549914	 0.8737094533474554	 0.12465561692192417	 0.9620729986635196	 0.9271255181589091	 0.822350919099076	 0.04195833652463843	 0.6903474245609196	 0.026775393966328	 0.7650964139586194	 0.5

0.5	 0.25401622220511555	 0.5609569666785901	 0.3983137845916098	 0.9863409875149679	 0.5448281376458314	 0.8333516754393738	 0.7536892192557728	 0.6828945254651488	 0.8940383812652839	 0.3855081268619738	 0.04329208363891235	 0.07380230995232817	 0.9687739726952643	 0.7804023408455056
0.7459837777948845	 0.5	 0.12679337569500138	 0.6440178070703478	 0.35765989132261844	 0.8792821620272159	 0.8734018952166983	 0.39618753535586804	 0.7603266109143424	 0.5660572897816447	 0.8488733381893814	 0.41747172481988615	 0.7519456082140089	 0.9224272216364197	 0.21916456392159234
0.4390430333214099	 0.8732066243049986	 0.5	 0.8059316679350342	 0.7929900674934507	 0.9275082914416571	 0.44376187331798933	 0.07760800034581439	 0.2803936004169528	 0.483259611042236	 0.22331309841419145	 0.2935783066365998	 0.34350659236973624	 0.32579704312150404	 0.33904527320286815
0.6016862154083902	 0.35598219292965216	 0.19406833206496577	 0.5	 0.7956963344420004	 0.7767266252288302	 0.17272359825322847	 0.4755512927425771	 0.6203794933764696	 0.9704054034417086	 0.27789314576006885	 0.8538801672470561	 0.37172478318332236	 0.9526119604004776	 0.41756418659757766
0.013659012485032096	 0.6423401086773816	 0.2070099325065493	 0.20430366555799961	 0.5	 0.518467387692337	 0.5783980733318317	 0.6865576205212248	 0.21568854282004168	 0.4192932728534804	 0.33315537474014056	 0.58196557701949	 0.6311198230228527	 0.00975884376042202	 0.3195184911561305
0.4551718623541686	 0.12071783797278413	 0.07249170855834286	 0.22327337477116982	 0.481532612307663	 0.5	 0.7733938123640282	 0.37581482041452785	 0.9411202190004335	 0.16704203255200134	 0.09449714980344759	 0.010640719093843565	 0.5759243391394598	 0.44477281497197807	 0.8344404685371646
0.16664832456062617	 0.1265981047833017	 0.5562381266820107	 0.8272764017467715	 0.4216019266681683	 0.22660618763597185	 0.5	 0.4741893679789857	 0.46573987829786156	 0.5019160861104708	 0.3011519427525574	 0.8400395532605027	 0.6425794823534645	 0.7953878747515738	 0.9358314433859976
0.2463107807442272	 0.603812464644132	 0.9223919996541856	 0.5244487072574229	 0.3134423794787752	 0.6241851795854721	 0.5258106320210143	 0.5	 0.16919693895519017	 0.5587603488507631	 0.30584641266331025	 0.2241060141678476	 0.42698040282134786	 0.7765521368647236	 0.1369596289369175
0.31710547453485116	 0.2396733890856576	 0.7196063995830472	 0.3796205066235304	 0.7843114571799583	 0.05887978099956648	 0.5342601217021384	 0.8308030610448098	 0.5	 0.9314508850248232	 0.5674126778420526	 0.05681274588244589	 0.4170799753776312	 0.25397083113846486	 0.053212323977085085
0.1059616187347161	 0.4339427102183553	 0.516740388957764	 0.02959459655829144	 0.5807067271465196	 0.8329579674479987	 0.4980839138895292	 0.4412396511492369	 0.0685491149751768	 0.5	 0.3249137355340953	 0.17816156233079805	 0.320363614657418	 0.2757727731003844	 0.10260922011542117
0.6144918731380262	 0.15112666181061862	 0.7766869015858086	 0.7221068542399312	 0.6668446252598594	 0.9055028501965524	 0.6988480572474426	 0.6941535873366897	 0.4325873221579474	 0.6750862644659047	 0.5	 0.9736693020853405	 0.10686353633853696	 0.567053823280573	 0.3861031155538487
0.9567079163610877	 0.5825282751801139	 0.7064216933634002	 0.14611983275294393	 0.41803442298050997	 0.9893592809061564	 0.15996044673949728	 0.7758939858321524	 0.9431872541175541	 0.821838437669202	 0.026330697914659473	 0.5	 0.6153927895265875	 0.23418953620674776	 0.7540993014553335
0.9261976900476718	 0.2480543917859911	 0.6564934076302638	 0.6282752168166776	 0.36888017697714726	 0.42407566086054016	 0.3574205176465355	 0.5730195971786521	 0.5829200246223688	 0.679636385342582	 0.893136463661463	 0.3846072104734125	 0.5	 0.6234215491271996	 0.5584929309188345
0.03122602730473567	 0.07757277836358034	 0.674202956878496	 0.047388039599522425	 0.990241156239578	 0.5552271850280219	 0.2046121252484262	 0.22344786313527643	 0.7460291688615351	 0.7242272268996156	 0.43294617671942703	 0.7658104637932522	 0.3765784508728004	 0.5	 0.30399942662373036
0.21959765915449436	 0.7808354360784077	 0.6609547267971319	 0.5824358134024223	 0.6804815088438695	 0.16555953146283542	 0.06416855661400245	 0.8630403710630825	 0.9467876760229149	 0.8973907798845788	 0.6138968844461513	 0.24590069854466645	 0.44150706908116555	 0.6960005733762696	 0.5

