10
15
0.5	 0.4197351437465039	 0.9925592307080873	 0.46540161925770296	 0.8971315804648826	 0.11850848685741866	 0.9730971849815933	 0.9432673088556385	 0.4493889769090451	 0.6238784871775394	 0.9148739939209749	 0.6771773341087153	 0.9869315744867501	 0.22726110824122558	 0.12824586884500522
0.5802648562534961	 0.5	 0.4899637480051956	 0.6760018964839285	 0.5313843576906456	 0.19343912015829645	 0.8281959843018885	 0.034650117257764235	 0.34491924645283	 0.5891842328452139	 0.009623882171214349	 0.8061214780791672	 0.1976291868322364	 0.003643976689062689	 0.7838427823545749
0.00744076929191273	 0.5100362519948044	 0.5	 0.5686911272946691	 0.4876654868837226	 0.31411600349738034	 0.17728034283959437	 0.06305590970334107	 0.9181435296813908	 0.5003110364106989	 0.31723785310567887	 0.6998380018142875	 0.9318928006680149	 0.690578133962864	 0.5596013428019706
0.534598380742297	 0.3239981035160715	 0.4313088727053309	 0.5	 0.3474507214905216	 0.31128128313474535	 0.13126856924240626	 0.7809710989444837	 0.2945220194712107	 0.9742724605645863	 0.11650016852069478	 0.13834038819404115	 0.23126642912308226	 0.26838164740712	 0.8189046381741095
0.10286841953511738	 0.4686156423093544	 0.5123345131162774	 0.6525492785094784	 0.5	 0.9480874775789208	 0.20064190752644184	 0.7409552326503024	 0.5215102815413485	 0.5909274912025909	 0.7328227939542254	 0.44720500117800666	 0.9667330735405241	 0.510604020166922	 0.7954659035989379
0.8814915131425813	 0.8065608798417035	 0.6858839965026197	 0.6887187168652547	 0.051912522421079244	 0.5	 0.3466872098321765	 0.41051924754029423	 0.44148234886014703	 0.7674416129901085	 0.23442384963817664	 0.49800302668716323	 0.9738398915574652	 0.3751477203830995	 0.9546214333942111
0.026902815018406745	 0.17180401569811155	 0.8227196571604056	 0.8687314307575937	 0.7993580924735582	 0.6533127901678235	 0.5	 0.26161325988736006	 0.44553146208877836	 0.4182185251052656	 0.3529504107473054	 0.3833831118739437	 0.93484060439812	 0.15538736350454518	 0.5376064376187923
0.056732691144361524	 0.9653498827422358	 0.9369440902966589	 0.2190289010555163	 0.2590447673496976	 0.5894807524597058	 0.7383867401126399	 0.5	 0.3602872943336385	 0.82170996588578	 0.42145578390410754	 0.5398816785819074	 0.3647516407256619	 0.9831778453178949	 0.9027683226559242
0.5506110230909549	 0.65508075354717	 0.08185647031860921	 0.7054779805287893	 0.4784897184586515	 0.558517651139853	 0.5544685379112216	 0.6397127056663615	 0.5	 0.3917333628872751	 0.4020500019872063	 0.1937295264145642	 0.5112866102620683	 0.9708434769304142	 0.8321239804267425
0.37612151282246065	 0.41081576715478607	 0.49968896358930115	 0.025727539435413727	 0.4090725087974091	 0.2325583870098915	 0.5817814748947344	 0.17829003411421995	 0.6082666371127249	 0.5	 0.7124058684799999	 0.46630225754846166	 0.7029222135060862	 0.4454312691058335	 0.3558937389951722
0.0851260060790251	 0.9903761178287857	 0.6827621468943211	 0.8834998314793052	 0.26717720604577455	 0.7655761503618234	 0.6470495892526946	 0.5785442160958925	 0.5979499980127937	 0.28759413152000013	 0.5	 0.5180230377062774	 0.3565147368954589	 0.06074833880385477	 0.5804560860766818
0.3228226658912847	 0.19387852192083277	 0.30016199818571254	 0.8616596118059588	 0.5527949988219933	 0.5019969733128368	 0.6166168881260563	 0.4601183214180926	 0.8062704735854358	 0.5336977424515383	 0.48197696229372256	 0.5	 0.7287124827541511	 0.7173293899507233	 0.04742418084659761
0.013068425513249937	 0.8023708131677636	 0.06810719933198506	 0.7687335708769177	 0.03326692645947593	 0.026160108442534802	 0.06515939560188	 0.6352483592743381	 0.48871338973793166	 0.2970777864939138	 0.6434852631045411	 0.2712875172458489	 0.5	 0.22544206238276243	 0.36475785621874524
0.7727388917587744	 0.9963560233109373	 0.30942186603713595	 0.73161835259288	 0.48939597983307803	 0.6248522796169005	 0.8446126364954548	 0.016822154682105128	 0.029156523069585827	 0.5545687308941665	 0.9392516611961452	 0.28267061004927674	 0.7745579376172376	 0.5	 0.8871131018782699
0.8717541311549948	 0.21615721764542506	 0.4403986571980294	 0.18109536182589048	 0.20453409640106213	 0.04537856660578887	 0.46239356238120766	 0.09723167734407578	 0.16787601957325748	 0.6441062610048278	 0.41954391392331825	 0.9525758191534024	 0.6352421437812548	 0.11288689812173014	 0.5

0.5	 0.5971243206274913	 0.5418080144173021	 0.9362194452751477	 0.11335019250307288	 0.8319807390399488	 0.4484024854225178	 0.9579386161087968	 0.03316438205790728	 0.11841152918225872	 0.8398215285821002	 0.47921747704257467	 0.5536870121550649	 0.8895504570512673	 0.3483973968059927
0.4028756793725087	 0.5	 0.11309134741851046	 0.8649041405176576	 0.018055290711230243	 0.3499016407898836	 0.009523961932151326	 0.5769698966345995	 0.2396729173368899	 0.45224722215939095	 0.4346090652253829	 0.9796764951063457	 0.8283313385289539	 0.30319986750540784	 0.5082962656965064
0.4581919855826979	 0.8869086525814895	 0.5	 0.7697519929368488	 0.03231060490904525	 0.6731830862292063	 0.06771318215151267	 0.4916219532494257	 0.8913959339435897	 0.8561767826356211	 0.24913162605251993	 0.16480981276709683	 0.4465185801556393	 0.04987230603334891	 0.788852584881876
0.06378055472485233	 0.13509585948234237	 0.23024800706315118	 0.5	 0.8299403300875803	 0.02624079725012407	 0.5256616018737391	 0.23176121608596711	 0.03534898974156764	 0.24854327842211132	 0.07970182724773966	 0.2060296712494042	 0.6075898586220492	 0.6117248768906832	 0.468210999591429
0.8866498074969271	 0.9819447092887698	 0.9676893950909548	 0.17005966991241972	 0.5	 0.6734220932582239	 0.4016731696589948	 0.06482602796807291	 0.2733141088576536	 0.5968826099435259	 0.11065272175616148	 0.7458387740079896	 0.920173609270157	 0.7805638691766481	 0.6292228843713707
0.16801926096005115	 0.6500983592101164	 0.3268169137707937	 0.9737592027498759	 0.3265779067417761	 0.5	 0.1550677684890881	 0.37180164815719086	 0.7321802351833423	 0.9122734041387367	 0.39135859701760667	 0.36486617044972314	 0.2735459704400651	 0.7468898627984504	 0.7205108153693143
0.5515975145774822	 0.9904760380678487	 0.9322868178484873	 0.4743383981262609	 0.5983268303410052	 0.8449322315109119	 0.5	 0.9179664611148317	 0.28238588811376186	 0.36507602702173414	 0.6680449814686285	 0.24326798925187354	 0.3869819606425229	 0.36451397979173583	 0.03259441262568319
0.042061383891203175	 0.4230301033654005	 0.5083780467505743	 0.7682387839140329	 0.9351739720319271	 0.6281983518428091	 0.08203353888516829	 0.5	 0.12305083684832252	 0.6549462372861522	 0.9759669522791061	 0.701543997664396	 0.2746393699832097	 0.3183869652100989	 0.3184680952268413
0.9668356179420927	 0.7603270826631101	 0.10860406605641026	 0.9646510102584324	 0.7266858911423464	 0.2678197648166577	 0.7176141118862381	 0.8769491631516775	 0.5	 0.9171399122587612	 0.22034542045653105	 0.359961367630094	 0.9172288411509752	 0.6891457483681221	 0.7034710201514127
0.8815884708177413	 0.547752777840609	 0.14382321736437886	 0.7514567215778887	 0.40311739005647407	 0.0877265958612633	 0.6349239729782659	 0.3450537627138478	 0.08286008774123876	 0.5	 0.34778473620914996	 0.42423787227125453	 0.37922198769483983	 0.7470810547102251	 0.2518928184783057
0.16017847141789976	 0.5653909347746171	 0.7508683739474801	 0.9202981727522603	 0.8893472782438385	 0.6086414029823933	 0.33195501853137155	 0.024033047720893874	 0.779654579543469	 0.65221526379085	 0.5	 0.17781253581648027	 0.0925573269109422	 0.0391699001344864	 0.1009302572397548
0.5207825229574253	 0.02032350489365431	 0.8351901872329032	 0.7939703287505958	 0.2541612259920104	 0.6351338295502769	 0.7567320107481265	 0.298456002335604	 0.640038632369906	 0.5757621277287455	 0.8221874641835197	 0.5	 0.9649022369883289	 0.4038822331244579	 0.44601051680579973
0.4463129878449351	 0.1716686614710461	 0.5534814198443607	 0.3924101413779508	 0.07982639072984299	 0.7264540295599349	 0.6130180393574771	 0.7253606300167903	 0.08277115884902475	 0.6207780123051602	 0.9074426730890578	 0.03509776301167111	 0.5	 0.2449649734322339	 0.10873291210650571
0.11044954294873266	 0.6968001324945922	 0.9501276939666511	 0.3882751231093168	 0.2194361308233519	 0.2531101372015496	 0.6354860202082642	 0.6816130347899011	 0.31085425163187785	 0.2529189452897749	 0.9608300998655136	 0.5961177668755421	 0.7550350265677661	 0.5	 0.11784601998365918
0.6516026031940073	 0.49170373430349357	 0.21114741511812396	 0.531789000408571	 0.37077711562862925	 0.2794891846306857	 0.9674055873743168	 0.6815319047731587	 0.2965289798485873	 0.7481071815216943	 0.8990697427602452	 0.5539894831942003	 0.8912670878934943	 0.8821539800163408	 0.5

0.5	 0.2805174130566016	 0.40017938768700523	 0.26661958552528	 0.1594769460377683	 0.39008755419600594	 0.3042502320600148	 0.26264577653293675	 0.5808928098241734	 0.5359439020693572	 0.5177363484886571	 0.6930328565034247	 0.21456207269580696	 0.2112972845175909	 0.6571667921353234
0.7194825869433984	 0.5	 0.3402527646731479	 0.7404807227319636	 0.012949921865123004	 0.947256496766824	 0.19879306142569408	 0.49107803113636217	 0.5124829369124962	 0.6230360785553617	 0.33825385467286984	 0.29217412995766723	 0.595950610899201	 0.9026382110082424	 0.5667539996618302
0.5998206123129948	 0.6597472353268521	 0.5	 0.1279056545121402	 0.678117847026008	 0.617685430856376	 0.601952380100074	 0.5998646747997946	 0.49512888001799493	 0.36263799788417805	 0.27046667330987995	 0.06573520627064777	 0.7585963353395382	 0.3301244318576232	 0.8511987780858019
0.73338041447472	 0.25951927726803636	 0.8720943454878598	 0.5	 0.2890011988582861	 0.8144523812034419	 0.8361913484843679	 0.054052400283198576	 0.4088379829925658	 0.5915038624310873	 0.907573973679262	 0.28275502708094147	 0.048089233907087636	 0.5474860388149642	 0.20250145969421873
0.8405230539622317	 0.987050078134877	 0.32188215297399203	 0.7109988011417139	 0.5	 0.7689728418724183	 0.4172699948890759	 0.024510774089875342	 0.9672165517691056	 0.8846342299385987	 0.34382544115598224	 0.41115598663201713	 0.6923024616961236	 0.44035326957922516	 0.2584141386276104
0.6099124458039941	 0.052743503233176	 0.38231456914362405	 0.18554761879655812	 0.23102715812758168	 0.5	 0.7750458167269911	 0.6260737964823944	 0.06007181054258748	 0.30377388382037174	 0.17762160709178432	 0.32670312574878835	 0.7855153252382733	 0.8967668189447949	 0.7119056668538362
0.6957497679399852	 0.8012069385743059	 0.398047619899926	 0.16380865151563206	 0.5827300051109241	 0.22495418327300887	 0.5	 0.9904179260362796	 0.9087837975500441	 0.27048986035242195	 0.41441170228960633	 0.3800174622574304	 0.6573755917735	 0.7508756199805672	 0.5939566923231144
0.7373542234670633	 0.5089219688636378	 0.40013532520020545	 0.9459475997168014	 0.9754892259101247	 0.37392620351760564	 0.00958207396372035	 0.5	 0.7961229739209839	 0.7631695649889462	 0.780997714865689	 0.7929810386512808	 0.6829882503439673	 0.13536589332904436	 0.9963339455393392
0.41910719017582665	 0.48751706308750375	 0.5048711199820051	 0.5911620170074342	 0.03278344823089441	 0.9399281894574125	 0.09121620244995587	 0.20387702607901614	 0.5	 0.5510853753686609	 0.14136237773178217	 0.8271140934966067	 0.9755291195164408	 0.3758435407139795	 0.8328100057876062
0.46405609793064284	 0.3769639214446383	 0.637362002115822	 0.4084961375689127	 0.11536577006140125	 0.6962261161796283	 0.729510139647578	 0.23683043501105383	 0.44891462463133913	 0.5	 0.23653202210064128	 0.6437392962674128	 0.8425534586766659	 0.5030587750531875	 0.015047054884697708
0.4822636515113429	 0.6617461453271302	 0.72953332669012	 0.09242602632073804	 0.6561745588440178	 0.8223783929082157	 0.5855882977103937	 0.21900228513431097	 0.8586376222682178	 0.7634679778993587	 0.5	 0.689427567370957	 0.5424384727824667	 0.6263574806990154	 0.46946693726756583
0.3069671434965753	 0.7078258700423328	 0.9342647937293522	 0.7172449729190585	 0.5888440133679829	 0.6732968742512117	 0.6199825377425696	 0.20701896134871922	 0.1728859065033933	 0.3562607037325872	 0.310572432629043	 0.5	 0.7705207974787086	 0.6779140582600754	 0.4784927349205189
0.785437927304193	 0.404049389100799	 0.24140366466046181	 0.9519107660929124	 0.30769753830387636	 0.21448467476172672	 0.3426244082265	 0.31701174965603274	 0.024470880483559165	 0.15744654132333413	 0.4575615272175333	 0.2294792025212914	 0.5	 0.3389141488953257	 0.7321258759958271
0.7887027154824091	 0.09736178899175763	 0.6698755681423768	 0.45251396118503584	 0.5596467304207748	 0.10323318105520507	 0.24912438001943282	 0.8646341066709556	 0.6241564592860205	 0.4969412249468125	 0.3736425193009846	 0.32208594173992455	 0.6610858511046743	 0.5	 0.46388562312704473
0.34283320786467664	 0.43324600033816985	 0.1488012219141981	 0.7974985403057813	 0.7415858613723896	 0.28809433314616384	 0.40604330767688557	 0.003666054460660817	 0.16718999421239378	 0.9849529451153023	 0.5305330627324342	 0.5215072650794811	 0.2678741240041729	 0.5361143768729553	 0.5

0.5	 0.4656095337984447	 0.6491039627119981	 0.20978185416431394	 0.6014747289438672	 0.8079859386473995	 0.8648950245182152	 0.6559092994953035	 0.3651769671380727	 0.5358052190058398	 0.5813118443425813	 0.45131353388306295	 0.059412294382277464	 0.5470798398488819	 0.8838039643697402
0.5343904662015553	 0.5	 0.5504382480398188	 0.9156411756452566	 0.8831955151354185	 0.8207131684263329	 0.6854459830160284	 0.12800626671659598	 0.022113171041637347	 0.2236609947044903	 0.6364389152537591	 0.42891022190942185	 0.7309320976514851	 0.2262213347882568	 0.43147847816818874
0.3508960372880019	 0.4495617519601812	 0.5	 0.5791415563579181	 0.18866071457156064	 0.8853275978083733	 0.3342228985477319	 0.8591266514825129	 0.11054848413976792	 0.9631842714615126	 0.5756336780357877	 0.5043319581493617	 0.032090408051416386	 0.23702289364304097	 0.7910854440826076
0.7902181458356861	 0.0843588243547434	 0.4208584436420819	 0.5	 0.040534868749413144	 0.7438237624961386	 0.669862742679723	 0.03534618095894371	 0.6436281433422478	 0.10729420530157419	 0.39750721393024446	 0.06527771748874367	 0.9738170734305692	 0.1280761244930404	 0.7653267582599075
0.3985252710561328	 0.1168044848645815	 0.8113392854284394	 0.9594651312505869	 0.5	 0.30373901724902685	 0.4155144304394941	 0.21349010600353013	 0.5829496056842429	 0.5280579000488437	 0.29193364801272204	 6.682915751675678E-4	 0.35580210650066646	 0.862569396663864	 0.41732547879365567
0.19201406135260046	 0.1792868315736671	 0.11467240219162667	 0.2561762375038614	 0.6962609827509731	 0.5	 0.00487590796079318	 0.4995107070342444	 0.09710192594067857	 0.29999914185782395	 0.6085052545311704	 0.4464974867247612	 0.7019249755244826	 0.4157143207932389	 0.5879163869764259
0.1351049754817848	 0.31455401698397156	 0.6657771014522681	 0.330137257320277	 0.5844855695605059	 0.9951240920392068	 0.5	 0.1136723077937003	 0.16455545472156885	 0.23372507597131786	 0.45830607861680517	 0.4159440624250389	 0.43495174777961365	 0.09670297338227041	 0.40604507664000944
0.3440907005046965	 0.871993733283404	 0.14087334851748712	 0.9646538190410563	 0.7865098939964699	 0.5004892929657556	 0.8863276922062997	 0.5	 0.38234455333069495	 0.33300821502582	 0.6309610643571463	 0.4734309184826182	 0.9598783358259423	 0.7458951150843093	 0.09484666476713721
0.6348230328619273	 0.9778868289583627	 0.8894515158602321	 0.3563718566577522	 0.4170503943157571	 0.9028980740593214	 0.8354445452784311	 0.617655446669305	 0.5	 0.9625617942397754	 0.7747823798677317	 0.3226719336774001	 0.9608651406645369	 0.733044435688039	 0.9616998742469071
0.4641947809941602	 0.7763390052955097	 0.03681572853848736	 0.8927057946984258	 0.4719420999511563	 0.700000858142176	 0.7662749240286821	 0.66699178497418	 0.03743820576022461	 0.5	 0.15973502413205853	 0.07104323743064422	 0.18250718195022275	 0.6683422813261901	 0.6630430383431154
0.4186881556574187	 0.36356108474624094	 0.4243663219642123	 0.6024927860697555	 0.708066351987278	 0.39149474546882956	 0.5416939213831948	 0.3690389356428537	 0.22521762013226831	 0.8402649758679415	 0.5	 0.9052348978126432	 0.21939675570439376	 0.9965349008385996	 0.3716966592515293
0.548686466116937	 0.5710897780905781	 0.4956680418506383	 0.9347222825112563	 0.9993317084248324	 0.5535025132752388	 0.5840559375749611	 0.5265690815173818	 0.6773280663225999	 0.9289567625693558	 0.09476510218735679	 0.5	 0.8585186962520805	 0.46429559577547785	 0.9501105413583385
0.9405877056177225	 0.26906790234851485	 0.9679095919485836	 0.026182926569430776	 0.6441978934993335	 0.29807502447551737	 0.5650482522203863	 0.040121664174057714	 0.039134859335463124	 0.8174928180497772	 0.7806032442956062	 0.14148130374791945	 0.5	 0.03233169810586045	 0.9365303814521525
0.45292016015111813	 0.7737786652117432	 0.762977106356959	 0.8719238755069596	 0.137430603336136	 0.5842856792067611	 0.9032970266177296	 0.2541048849156907	 0.266955564311961	 0.3316577186738099	 0.0034650991614003646	 0.5357044042245221	 0.9676683018941395	 0.5	 0.2490036414764485
0.11619603563025982	 0.5685215218318113	 0.20891455591739239	 0.23467324174009252	 0.5826745212063443	 0.4120836130235741	 0.5939549233599906	 0.9051533352328628	 0.03830012575309294	 0.3369569616568846	 0.6283033407484707	 0.0498894586416615	 0.0634696185478475	 0.7509963585235515	 0.5

0.5	 0.8060873514595501	 0.03851784284626136	 0.29178666278950993	 0.2854517640128228	 0.2259840340866096	 0.3007220839810111	 0.2757251666998797	 0.25321464004172567	 0.9371592881076245	 0.33404002898708585	 0.3097864250679463	 0.41255071158826095	 0.5285615852762212	 0.9748962343554706
0.19391264854044987	 0.5	 0.0037088887848879537	 0.20333770913355464	 0.1279901854047305	 0.9154172710342471	 0.3408517206256576	 0.17689969501858172	 0.13931567219069863	 0.08371230224908488	 0.3132926108058536	 0.2190692180096192	 0.8903918027394905	 0.01636485871257387	 0.8001516798039314
0.9614821571537386	 0.996291111215112	 0.5	 0.9706760963231948	 0.42337853612523924	 0.7568580438407981	 0.058068241444322544	 0.6359233479629656	 0.003922848766833353	 0.5099438441403108	 0.8031092836996698	 0.9560242756333496	 0.05162042093746433	 0.009506935125718874	 0.7549898738538686
0.7082133372104901	 0.7966622908664454	 0.029323903676805152	 0.5	 0.24363925849259116	 0.10140778739872536	 0.3162616191637837	 0.6873366363974462	 0.02306434823100545	 0.0940113690754113	 0.5516606314732154	 0.48182822147721716	 0.0017886369895846466	 0.7633058391790843	 0.8956826149371339
0.7145482359871772	 0.8720098145952695	 0.5766214638747608	 0.7563607415074088	 0.5	 0.4193971661726129	 0.810950221609828	 0.13941144849695353	 0.02870472929080048	 0.9582795650188795	 0.1953859625806117	 0.21858615452508012	 0.08145575634607582	 0.5465506921007918	 0.10838329884588027
0.7740159659133904	 0.08458272896575292	 0.24314195615920187	 0.8985922126012746	 0.5806028338273871	 0.5	 0.6644450535493689	 0.07208414388043927	 0.5958858715775901	 0.47190708016567373	 0.9997658244957276	 0.7556643986290914	 0.6036376091587523	 0.19998793046532393	 0.12411641671918505
0.6992779160189889	 0.6591482793743424	 0.9419317585556775	 0.6837383808362163	 0.189049778390172	 0.3355549464506311	 0.5	 0.7890044063980447	 0.551922080115878	 0.4511231000226753	 0.14976648950313476	 0.1224053862455956	 0.1352584039234912	 0.9749548795356667	 0.48682172845186344
0.7242748333001203	 0.8231003049814183	 0.36407665203703443	 0.31266336360255376	 0.8605885515030465	 0.9279158561195607	 0.2109955936019553	 0.5	 0.5700649928371188	 0.07240714721583941	 0.8491551370593413	 0.8282462339790561	 0.5821034158299044	 0.7434049998236786	 0.8643592919498047
0.7467853599582743	 0.8606843278093014	 0.9960771512331666	 0.9769356517689946	 0.9712952707091995	 0.4041141284224099	 0.44807791988412204	 0.42993500716288124	 0.5	 0.18641465177415995	 0.34373118911297973	 0.6593946312316067	 0.30815679332630963	 0.4150627583801132	 0.46086676958583295
0.0628407118923755	 0.9162876977509151	 0.4900561558596892	 0.9059886309245887	 0.04172043498112055	 0.5280929198343263	 0.5488768999773247	 0.9275928527841606	 0.81358534822584	 0.5	 0.8206999875880907	 0.9235590268474626	 0.713981202613432	 0.6565504636075017	 0.8476994162381596
0.6659599710129142	 0.6867073891941464	 0.19689071630033017	 0.4483393685267846	 0.8046140374193883	 2.3417550427240474E-4	 0.8502335104968652	 0.15084486294065869	 0.6562688108870203	 0.1793000124119093	 0.5	 0.3730301586422631	 0.4585241216635587	 0.09879101074268681	 0.8793997704586177
0.6902135749320537	 0.7809307819903808	 0.043975724366650426	 0.5181717785227828	 0.7814138454749199	 0.2443356013709086	 0.8775946137544044	 0.17175376602094394	 0.3406053687683933	 0.0764409731525374	 0.6269698413577369	 0.5	 0.6260799061985062	 0.3219804919740876	 0.20801972459093776
0.587449288411739	 0.10960819726050952	 0.9483795790625357	 0.9982113630104154	 0.9185442436539242	 0.3963623908412477	 0.8647415960765088	 0.41789658417009556	 0.6918432066736904	 0.286018797386568	 0.5414758783364413	 0.3739200938014938	 0.5	 0.6262167785700683	 0.3065817784595076
0.4714384147237788	 0.9836351412874261	 0.9904930648742811	 0.23669416082091566	 0.45344930789920823	 0.8000120695346761	 0.02504512046433327	 0.2565950001763214	 0.5849372416198868	 0.3434495363924983	 0.9012089892573132	 0.6780195080259124	 0.3737832214299317	 0.5	 0.06608335109075159
0.02510376564452943	 0.19984832019606857	 0.24501012614613138	 0.10431738506286614	 0.8916167011541197	 0.875883583280815	 0.5131782715481366	 0.13564070805019535	 0.539133230414167	 0.1523005837618404	 0.12060022954138228	 0.7919802754090622	 0.6934182215404924	 0.9339166489092484	 0.5

0.5	 0.08814229640526128	 0.3956281324355594	 0.9720647309467856	 0.9041772739697818	 0.08587463661645944	 0.17763820181344392	 0.6340680995493372	 0.11851685451070293	 0.7490612235914943	 0.1947176513719685	 0.43746076278893986	 0.19417336125432472	 0.7214515276652459	 0.559425698474898
0.9118577035947387	 0.5	 0.6925631505328952	 0.30673643347344126	 0.18293629696061697	 0.17539522113379014	 0.2549403260052422	 0.7769486863457534	 0.3239502374736202	 0.7080172647124808	 0.5872493610355204	 0.581735048549847	 0.42598526011098836	 0.8398021829300621	 0.4840974736729914
0.6043718675644406	 0.3074368494671048	 0.5	 0.7884736384103044	 0.3810085243135445	 0.20693221658680305	 0.172099400026693	 0.8954489520702278	 0.1866810740802033	 0.8441844123318081	 0.21704939157741832	 0.13271702488639692	 0.9396240209354831	 0.9273170004978495	 0.17109968898574412
0.027935269053214418	 0.6932635665265587	 0.21152636158969562	 0.5	 0.8801515084430162	 0.11558181250061661	 0.09517632791989328	 0.17506372592192365	 0.49322832659021343	 0.4731823499398138	 0.6581952234328449	 0.794439347122229	 0.9921460758376373	 0.7470963510305364	 0.5556184823061777
0.09582272603021824	 0.817063703039383	 0.6189914756864555	 0.11984849155698385	 0.5	 0.2124732849997959	 0.26616790463812334	 0.4067495534501987	 0.010704294108216827	 0.5295649956594732	 0.6726100158196501	 0.14834247108718623	 0.45131511015056847	 0.3255348438182515	 0.16869109888091238
0.9141253633835406	 0.8246047788662099	 0.793067783413197	 0.8844181874993834	 0.7875267150002041	 0.5	 0.46078497468992163	 0.4127254463716773	 0.82975736972382	 0.4044954968242862	 0.5602534353887024	 0.8201378178067665	 0.013887860518935313	 0.5265926530083851	 0.22343062847936035
0.8223617981865561	 0.7450596739947578	 0.827900599973307	 0.9048236720801067	 0.7338320953618767	 0.5392150253100784	 0.5	 0.26031274276399585	 0.6728863010549977	 0.7943939680738564	 0.566089439264428	 0.5948817966698923	 0.09226964732120868	 0.49511751777800894	 0.6115336378398561
0.3659319004506628	 0.22305131365424657	 0.10455104792977221	 0.8249362740780763	 0.5932504465498013	 0.5872745536283227	 0.7396872572360041	 0.5	 0.5423279860686765	 0.21300010203652264	 0.0582700666826943	 0.5725099579878679	 0.6612807076058829	 0.3001430358003595	 0.7168446090872025
0.8814831454892971	 0.6760497625263798	 0.8133189259197967	 0.5067716734097866	 0.9892957058917832	 0.17024263027618003	 0.3271136989450023	 0.4576720139313235	 0.5	 0.1305577215680842	 0.5046872187054995	 0.9974056385900741	 0.5399715588836251	 0.6383635207514363	 0.5825864620736516
0.2509387764085057	 0.29198273528751917	 0.15581558766819192	 0.5268176500601862	 0.47043500434052676	 0.5955045031757138	 0.20560603192614357	 0.7869998979634774	 0.8694422784319158	 0.5	 0.3068929674683549	 0.1705493711772582	 0.09354019820747972	 0.17062523860724021	 0.47189548751120525
0.8052823486280315	 0.4127506389644796	 0.7829506084225817	 0.34180477656715513	 0.3273899841803499	 0.4397465646112976	 0.433910560735572	 0.9417299333173057	 0.4953127812945005	 0.6931070325316451	 0.5	 0.14142124948298473	 0.9363509240867801	 0.9321202633867399	 0.9602481910303019
0.5625392372110601	 0.41826495145015297	 0.8672829751136031	 0.20556065287777103	 0.8516575289128138	 0.17986218219323347	 0.40511820333010773	 0.42749004201213214	 0.0025943614099258605	 0.8294506288227418	 0.8585787505170153	 0.5	 0.21495171423792103	 0.20925054343488614	 0.783384712955777
0.8058266387456753	 0.5740147398890116	 0.06037597906451686	 0.007853924162362746	 0.5486848898494315	 0.9861121394810647	 0.9077303526787913	 0.33871929239411713	 0.46002844111637486	 0.9064598017925203	 0.06364907591321989	 0.785048285762079	 0.5	 0.7467782050200082	 0.7933974977310783
0.2785484723347541	 0.16019781706993785	 0.07268299950215051	 0.2529036489694636	 0.6744651561817485	 0.4734073469916149	 0.5048824822219911	 0.6998569641996405	 0.3616364792485637	 0.8293747613927598	 0.06787973661326008	 0.7907494565651139	 0.25322179497999175	 0.5	 0.3827182886899393
0.440574301525102	 0.5159025263270086	 0.8289003110142559	 0.4443815176938223	 0.8313089011190876	 0.7765693715206397	 0.38846636216014385	 0.2831553909127975	 0.4174135379263484	 0.5281045124887948	 0.0397518089696981	 0.21661528704422295	 0.20660250226892174	 0.6172817113100607	 0.5

0.5	 0.879099730531407	 0.3367817527981203	 0.5767115961403165	 0.05517980656241783	 0.9724617117337956	 0.9959948151960928	 0.0037078261921124067	 0.9803709011954901	 0.5822295957191248	 0.4311676460094327	 0.4619013569932928	 0.5317326408248689	 0.4749736731039791	 0.195207822718669
0.120900269468593	 0.5	 0.05946123279085136	 0.8015067116603286	 0.34866513136422084	 0.4910589623407433	 0.26398147330063093	 0.18502200946332814	 0.36124890262966525	 0.25610373582495605	 0.7744745150498245	 0.68074512323847	 0.7024801080252353	 0.543622346564869	 0.045591144527540095
0.6632182472018797	 0.9405387672091486	 0.5	 0.37381479642523086	 0.1508268388925682	 0.1062440439048663	 0.1231548932509533	 0.5729396307374491	 0.8433751211072045	 0.6302744326821224	 0.06435717585952572	 0.0676084937808682	 0.6790548027117677	 0.769977469245592	 0.23646647114465968
0.42328840385968347	 0.1984932883396714	 0.6261852035747691	 0.5	 0.6258834444896996	 0.874137504092876	 0.9873354059231438	 0.21466359744269448	 0.16261500852337818	 0.1938411193515377	 0.21550580801924368	 0.8326220417866531	 0.9737407644670505	 0.2950079288187897	 0.5331400786595767
0.9448201934375822	 0.6513348686357792	 0.8491731611074318	 0.37411655551030043	 0.5	 0.17871082369600766	 0.05439717762958185	 0.432205652687493	 0.361922970277744	 0.9762048570772643	 0.7968965227269448	 0.5032351137521238	 0.1811378886056323	 0.8376455138123876	 0.29918951990532094
0.027538288266204414	 0.5089410376592567	 0.8937559560951337	 0.12586249590712395	 0.8212891763039923	 0.5	 0.03990881652172573	 0.3907585844971825	 0.3415020753258381	 0.10525585635577983	 0.28609969242046873	 0.7485125459654659	 0.7435426708198963	 0.4459342502247653	 0.9474406088000613
0.0040051848039072135	 0.7360185266993691	 0.8768451067490467	 0.012664594076856162	 0.9456028223704182	 0.9600911834782743	 0.5	 0.7565569547938411	 0.4058306810159895	 0.9520244575907729	 0.5456885511917183	 0.4798534159122422	 0.7030209391542152	 0.37106383881818616	 0.5656506072622378
0.9962921738078876	 0.8149779905366719	 0.42706036926255087	 0.7853364025573055	 0.567794347312507	 0.6092414155028175	 0.2434430452061589	 0.5	 0.5410231312348713	 0.24863744953320766	 0.03500121974794568	 0.7437008450184317	 0.45540901287652313	 0.773272422046806	 0.6980615062961146
0.019629098804509915	 0.6387510973703348	 0.15662487889279553	 0.8373849914766218	 0.638077029722256	 0.6584979246741619	 0.5941693189840105	 0.45897686876512866	 0.5	 0.9143005393333599	 0.04526708253150713	 0.8821540267020929	 0.892414318187047	 0.8045672462130172	 0.40345455146882736
0.4177704042808752	 0.743896264175044	 0.36972556731787765	 0.8061588806484623	 0.023795142922735657	 0.8947441436442202	 0.04797554240922708	 0.7513625504667923	 0.08569946066664014	 0.5	 0.22128831395611193	 0.1338307060963806	 0.046820178522918976	 0.764677202546572	 0.2893884053220649
0.5688323539905673	 0.22552548495017555	 0.9356428241404743	 0.7844941919807563	 0.20310347727305522	 0.7139003075795313	 0.45431144880828167	 0.9649987802520543	 0.9547329174684929	 0.7787116860438881	 0.5	 0.15033194377533443	 0.4651631505803523	 0.6863043551970873	 0.24706170659907833
0.5380986430067072	 0.31925487676152997	 0.9323915062191318	 0.1673779582133469	 0.4967648862478762	 0.2514874540345341	 0.5201465840877578	 0.2562991549815683	 0.11784597329790714	 0.8661692939036194	 0.8496680562246656	 0.5	 0.8039049328878884	 0.38454835150308386	 0.14095450498261497
0.46826735917513107	 0.2975198919747647	 0.32094519728823234	 0.02625923553294951	 0.8188621113943677	 0.25645732918010367	 0.29697906084578485	 0.5445909871234769	 0.10758568181295303	 0.953179821477081	 0.5348368494196477	 0.19609506711211155	 0.5	 0.5952342485284426	 0.5286790292467087
0.5250263268960209	 0.45637765343513104	 0.23002253075440804	 0.7049920711812103	 0.1623544861876124	 0.5540657497752347	 0.6289361611818138	 0.22672757795319398	 0.19543275378698277	 0.235322797453428	 0.3136956448029127	 0.6154516484969161	 0.40476575147155736	 0.5	 0.30939755243638234
0.804792177281331	 0.9544088554724599	 0.7635335288553403	 0.4668599213404233	 0.7008104800946791	 0.05255939119993869	 0.4343493927377622	 0.30193849370388537	 0.5965454485311726	 0.7106115946779351	 0.7529382934009217	 0.859045495017385	 0.47132097075329127	 0.6906024475636177	 0.5

0.5	 0.22835687380685243	 0.647055210423742	 0.4920470813456994	 0.19998445805608345	 0.270251819765741	 0.46430205885450815	 0.6692231934820284	 0.23617490225948712	 0.12784220131660473	 0.3263780061045566	 0.34260738704471017	 0.62163700821376	 0.25920110805696317	 0.5444177438893721
0.7716431261931476	 0.5	 0.644039680158698	 0.6382548083439518	 0.4360609924949813	 0.45479640396489496	 0.8911561696176651	 0.30612140653938225	 0.8958678982151691	 0.08112708126075185	 0.7481392466321962	 0.22058754925220603	 0.01401255267432533	 0.06766351256081482	 0.6813793056061597
0.35294478957625797	 0.35596031984130205	 0.5	 0.3281503321940602	 0.9844280490440411	 0.9096511648768464	 0.7827102291170202	 0.286353745405203	 0.8922517003639289	 0.03449036106075665	 0.006513590190855845	 0.7843187608145586	 0.8640061397795127	 0.4721450938891353	 0.7468699573797631
0.5079529186543006	 0.36174519165604824	 0.6718496678059398	 0.5	 0.08821568474211827	 0.6887631145079544	 0.6940519267138392	 0.46706778820211314	 0.11993666560545513	 0.41801083065948974	 0.6968531500721366	 0.7861634916770796	 0.5774218773040741	 0.9724532836308903	 0.5605992604529624
0.8000155419439166	 0.5639390075050187	 0.015571950955958869	 0.9117843152578817	 0.5	 0.02591937729966387	 0.9615380823981114	 0.7107288124618614	 0.5206355698445587	 0.7263283725821448	 0.8871033738993787	 0.24804151042273037	 0.05820865242314999	 0.049067819406654944	 0.7245976751133122
0.729748180234259	 0.545203596035105	 0.09034883512315361	 0.31123688549204565	 0.9740806227003361	 0.5	 0.5519581894780252	 0.6368980333988616	 0.3056069518044783	 0.4442933447776475	 0.48813095220419955	 0.4902993938984679	 0.07032598997021366	 0.5159860460978419	 0.5404625762481196
0.5356979411454919	 0.10884383038233492	 0.21728977088297985	 0.3059480732861608	 0.03846191760188855	 0.4480418105219748	 0.5	 0.30095545906752863	 0.46888713077522803	 0.8552010007329535	 0.3882412476817647	 0.7013512189389858	 0.2682307277937306	 0.10069512893753196	 0.3870273113187326
0.3307768065179716	 0.6938785934606178	 0.713646254594797	 0.5329322117978869	 0.28927118753813863	 0.36310196660113836	 0.6990445409324714	 0.5	 0.27486078580880924	 0.3369530080475567	 0.9582711961011772	 0.7705837178833325	 0.13785257246918203	 0.893453874242696	 0.9523647666560163
0.7638250977405129	 0.1041321017848309	 0.10774829963607113	 0.8800633343945449	 0.4793644301554413	 0.6943930481955217	 0.531112869224772	 0.7251392141911908	 0.5	 0.5678990907010228	 0.2437308162279752	 0.7141267763742891	 0.6895608631269294	 0.8123604011117288	 0.26551130221932207
0.8721577986833953	 0.9188729187392481	 0.9655096389392434	 0.5819891693405103	 0.2736716274178552	 0.5557066552223525	 0.14479899926704654	 0.6630469919524433	 0.43210090929897715	 0.5	 0.13499517435121466	 0.6571418352534687	 0.6093898654964768	 0.2855993336302688	 0.24758278191659466
0.6736219938954434	 0.2518607533678038	 0.9934864098091442	 0.30314684992786345	 0.11289662610062134	 0.5118690477958004	 0.6117587523182353	 0.04172880389882283	 0.7562691837720248	 0.8650048256487853	 0.5	 0.654963684220445	 0.024368498402731587	 0.5497586008362445	 0.1634380286514272
0.6573926129552898	 0.779412450747794	 0.21568123918544135	 0.21383650832292045	 0.7519584895772696	 0.5097006061015321	 0.2986487810610142	 0.22941628211666754	 0.2858732236257109	 0.3428581647465313	 0.34503631577955496	 0.5	 0.19040321666023807	 0.5544268949641032	 0.2268297666872635
0.37836299178624	 0.9859874473256747	 0.13599386022048732	 0.4225781226959259	 0.94179134757685	 0.9296740100297863	 0.7317692722062694	 0.862147427530818	 0.31043913687307056	 0.3906101345035232	 0.9756315015972684	 0.8095967833397619	 0.5	 0.601615362117346	 0.5538139951176256
0.7407988919430368	 0.9323364874391852	 0.5278549061108647	 0.02754671636910966	 0.9509321805933451	 0.48401395390215807	 0.899304871062468	 0.10654612575730404	 0.1876395988882712	 0.7144006663697312	 0.4502413991637555	 0.44557310503589675	 0.398384637882654	 0.5	 0.15569107954281625
0.45558225611062786	 0.31862069439384033	 0.25313004262023686	 0.4394007395470376	 0.2754023248866878	 0.45953742375188045	 0.6129726886812674	 0.047635233343983674	 0.7344886977806779	 0.7524172180834053	 0.8365619713485728	 0.7731702333127365	 0.44618600488237437	 0.8443089204571838	 0.5

0.5	 0.352485440648837	 0.5668960222613179	 0.4094794274338416	 0.9367069987953662	 0.2225203230455749	 0.07637521496756827	 0.11895802287118185	 0.3236627336134241	 0.8101772358173353	 0.20733874709576827	 0.235732464154223	 0.9085687186415227	 0.5542274883766372	 0.7653171616919953
0.647514559351163	 0.5	 0.4839969382385386	 0.46807481021233444	 0.2421377278407515	 0.8267769201039379	 0.42701498667785265	 0.3656606063609372	 0.5762876016429559	 0.14708376780631327	 0.6271470576378082	 0.4621952585200507	 0.7533455614899434	 0.6341218787919543	 0.7783404639117752
0.43310397773868214	 0.5160030617614614	 0.5	 0.6394704580684978	 0.6172575453005489	 0.5010025992629384	 0.6122601678366358	 0.07601944498156277	 0.6543121989731587	 0.5521167770709623	 0.16537086935578715	 0.4584799344329433	 0.21300323247671338	 0.5538552542197487	 0.6866641325603277
0.5905205725661584	 0.5319251897876656	 0.3605295419315022	 0.5	 0.5119545470145933	 0.8519177379997432	 0.7946424303012044	 0.06435702032284862	 0.589267258563814	 0.6456372522002888	 0.748497666375054	 0.15477136315627238	 0.5717098081139748	 0.6116455878431845	 0.2221602859430184
0.06329300120463377	 0.7578622721592485	 0.3827424546994511	 0.4880454529854067	 0.5	 0.8077357546129569	 0.0028176191930346928	 0.16049598904562823	 0.4878835538193599	 0.7002349708345645	 0.2019096618094285	 0.6169973563728479	 0.682323942167637	 0.3136649483638688	 0.08557221069701848
0.7774796769544251	 0.17322307989606212	 0.49899740073706156	 0.14808226200025676	 0.19226424538704312	 0.5	 0.4119374975164689	 0.18652178196835967	 0.5199331292337033	 0.562961671164238	 0.5018690812316272	 0.792790208372289	 0.277777993474957	 0.6647473369687884	 0.9387415046281516
0.9236247850324317	 0.5729850133221474	 0.38773983216336416	 0.2053575696987956	 0.9971823808069653	 0.5880625024835311	 0.5	 0.2113990983202998	 0.8830636550004871	 0.01570956529754719	 0.2816702549864102	 0.8732613758216452	 0.06543846265610509	 0.8674547863574846	 0.719892619848704
0.8810419771288182	 0.6343393936390628	 0.9239805550184372	 0.9356429796771514	 0.8395040109543718	 0.8134782180316403	 0.7886009016797002	 0.5	 0.0443994471864082	 0.9786294319905277	 0.6704037293997108	 0.3589666805710352	 0.983789371985144	 0.7927767965647655	 0.08315473332140266
0.6763372663865759	 0.4237123983570441	 0.34568780102684127	 0.410732741436186	 0.5121164461806401	 0.4800668707662967	 0.11693634499951289	 0.9556005528135918	 0.5	 0.11152828231942846	 0.24825116567533478	 0.16459642600818303	 0.39251933286587715	 0.02942856959573803	 0.2763737126613991
0.18982276418266475	 0.8529162321936867	 0.4478832229290377	 0.3543627477997112	 0.29976502916543546	 0.437038328835762	 0.9842904347024528	 0.021370568009472346	 0.8884717176805715	 0.5	 0.33478983794063166	 0.548972336759026	 0.7158322637451902	 0.06803314242042735	 0.9820051317591695
0.7926612529042317	 0.3728529423621918	 0.8346291306442128	 0.251502333624946	 0.7980903381905715	 0.4981309187683728	 0.7183297450135898	 0.3295962706002892	 0.7517488343246652	 0.6652101620593683	 0.5	 0.4099542806538783	 0.6638649868979882	 0.11688384350283654	 0.24878453311098636
0.764267535845777	 0.5378047414799493	 0.5415200655670567	 0.8452286368437276	 0.3830026436271521	 0.20720979162771103	 0.1267386241783548	 0.6410333194289648	 0.835403573991817	 0.451027663240974	 0.5900457193461217	 0.5	 0.3274094620275524	 0.982655413337237	 0.7502714265953055
0.09143128135847733	 0.24665443851005664	 0.7869967675232866	 0.42829019188602524	 0.31767605783236297	 0.722222006525043	 0.9345615373438949	 0.016210628014855955	 0.6074806671341229	 0.28416773625480984	 0.33613501310201177	 0.6725905379724476	 0.5	 0.5473169828678147	 0.9161375375700569
0.44577251162336284	 0.36587812120804575	 0.4461447457802513	 0.38835441215681554	 0.6863350516361312	 0.3352526630312116	 0.13254521364251537	 0.20722320343523448	 0.970571430404262	 0.9319668575795726	 0.8831161564971635	 0.01734458666276295	 0.4526830171321853	 0.5	 0.992126091161617
0.23468283830800474	 0.22165953608822475	 0.31333586743967234	 0.7778397140569816	 0.9144277893029815	 0.061258495371848354	 0.280107380151296	 0.9168452666785973	 0.7236262873386009	 0.01799486824083052	 0.7512154668890136	 0.24972857340469445	 0.08386246242994311	 0.007873908838383015	 0.5

0.5	 0.2777067984214028	 0.38595716367893995	 0.3638387801521351	 0.8237890515299698	 0.9892361834656059	 0.8769251569244684	 0.003966341720412214	 0.0629147428254826	 0.21024887131350867	 0.07623733496111074	 0.20198789377734927	 0.23389242869595295	 0.49960683963315033	 0.8701742700505933
0.7222932015785972	 0.5	 0.9825285151888454	 0.4258362607279864	 0.08852149195675663	 0.20401060211119737	 0.6342837248452434	 0.19242219229286495	 0.5293175144848389	 0.4756923972686702	 0.7977469288457321	 0.7830617957336893	 0.7107484487782153	 0.7889935098635351	 0.06434006930020408
0.61404283632106	 0.01747148481115457	 0.5	 0.2632941543822618	 0.6401625197674687	 0.8631784592191519	 0.16546878481341254	 0.7848027723496859	 0.9758260104955545	 0.11201965278925574	 0.4911573162986512	 0.1844089031771582	 0.2819684877505594	 0.7770874582610297	 0.24529979379470057
0.6361612198478649	 0.5741637392720136	 0.7367058456177382	 0.5	 0.16658888557629792	 0.37462270469514203	 0.028551307685538374	 0.018198576232192232	 0.5555074292540547	 0.9280894449548872	 0.6313008078052873	 0.9369423523527328	 0.4902549669902646	 0.7198652535930471	 0.1150161380245367
0.17621094847003016	 0.9114785080432434	 0.35983748023253126	 0.8334111144237021	 0.5	 0.8403099658769032	 0.9809219173619733	 0.5061291921948123	 0.38388693032875076	 0.11726841969117219	 0.9433383848746765	 0.540392370125593	 0.3549996552073882	 0.9467665535810256	 0.6867527620342588
0.010763816534394066	 0.7959893978888026	 0.13682154078084807	 0.625377295304858	 0.1596900341230968	 0.5	 0.17467171246704083	 0.5239834663274783	 0.6814086434131802	 0.84141848549889	 0.815557405985652	 0.32232495955902773	 0.028724875082206225	 0.8820030477481282	 0.7468013303215633
0.12307484307553163	 0.3657162751547566	 0.8345312151865875	 0.9714486923144616	 0.019078082638026683	 0.8253282875329592	 0.5	 0.752832395490637	 0.5011386765152558	 0.7279290201328271	 0.9755611747717097	 0.06805085559114188	 0.3293634707125054	 0.38320190201501336	 0.3111935454130891
0.9960336582795878	 0.807577807707135	 0.21519722765031413	 0.9818014237678078	 0.49387080780518766	 0.4760165336725217	 0.24716760450936304	 0.5	 0.19099901747324088	 0.6638443319519021	 0.215975131954123	 0.34349617283389455	 0.16841982721608528	 0.42499283887003836	 0.2720477758821631
0.9370852571745174	 0.4706824855151611	 0.024173989504445492	 0.4444925707459453	 0.6161130696712492	 0.3185913565868198	 0.4988613234847442	 0.8090009825267591	 0.5	 0.8515580329007164	 0.1938065480341119	 0.6053463903673489	 0.9666858101796223	 0.4448835731380636	 0.6407868258780628
0.7897511286864913	 0.5243076027313298	 0.8879803472107443	 0.07191055504511279	 0.8827315803088278	 0.15858151450111002	 0.2720709798671729	 0.33615566804809793	 0.1484419670992836	 0.5	 0.1754155636114787	 0.6056030527779711	 0.9152148898563532	 0.10701707675176197	 0.9998666402750694
0.9237626650388893	 0.20225307115426794	 0.5088426837013488	 0.3686991921947127	 0.05666161512532353	 0.18444259401434804	 0.02443882522829033	 0.784024868045877	 0.8061934519658881	 0.8245844363885213	 0.5	 0.44863342283258967	 0.8604841029734277	 0.6845602902291728	 0.3318184657297085
0.7980121062226507	 0.21693820426631072	 0.8155910968228418	 0.06305764764726718	 0.45960762987440695	 0.6776750404409723	 0.9319491444088581	 0.6565038271661054	 0.39465360963265106	 0.3943969472220289	 0.5513665771674103	 0.5	 0.448571151940204	 0.631585329776983	 0.5447904260177227
0.766107571304047	 0.2892515512217847	 0.7180315122494406	 0.5097450330097354	 0.6450003447926118	 0.9712751249177938	 0.6706365292874946	 0.8315801727839147	 0.033314189820377704	 0.08478511014364676	 0.1395158970265723	 0.551428848059796	 0.5	 0.5204162866562807	 0.3728512280265561
0.5003931603668497	 0.21100649013646489	 0.22291254173897035	 0.2801347464069529	 0.05323344641897443	 0.11799695225187179	 0.6167980979849866	 0.5750071611299616	 0.5551164268619364	 0.892982923248238	 0.31543970977082725	 0.368414670223017	 0.4795837133437193	 0.5	 0.5481639796591348
0.12982572994940667	 0.9356599306997959	 0.7547002062052994	 0.8849838619754633	 0.31324723796574117	 0.25319866967843674	 0.6888064545869109	 0.7279522241178369	 0.3592131741219372	 1.333597249305596E-4	 0.6681815342702915	 0.45520957398227735	 0.6271487719734439	 0.45183602034086523	 0.5

