6
20
0.5	 0.71595238433765	 0.06563120490832475	 0.8357151595305825	 0.8165447803686098	 0.6522176829582043	 0.6930261152389844	 0.2132629827156366	 0.4260845196822649	 0.9930362950070368	 0.987338589323048	 0.48781177940620746	 0.4657370703168692	 0.10452471739669711	 0.024666041687264828	 0.6232078340454715	 0.30036116623195286	 0.5805167706134924	 0.0973891142319504	 0.6870776049913809
0.28404761566235004	 0.5	 0.3124370945138528	 0.5290256972438115	 0.8231637711153285	 0.5023530893134757	 0.9044614009730293	 0.14163562842394928	 0.26081907008959493	 0.7021030812503267	 0.31185132074006383	 0.2711949708982345	 0.15037833839149195	 0.5736873003817878	 0.9612525337624183	 0.5097851602056784	 0.38758609148061274	 0.8604768351271521	 0.742933512337975	 0.3067906033446163
0.9343687950916753	 0.6875629054861472	 0.5	 0.36773683704940197	 0.2528607296585694	 0.23098789609163728	 0.995996650966134	 0.8892656200556124	 0.6449855082709249	 0.5813562773633025	 0.21099424048765247	 0.8944751579576493	 0.35965031174477324	 0.565217183870393	 0.059771096393392065	 0.4429373212033586	 0.45100778258570107	 0.9540865730436799	 0.6022216866251148	 0.9625217195596788
0.1642848404694175	 0.47097430275618846	 0.632263162950598	 0.5	 0.883196512559239	 0.26300380685578195	 0.6284084745276708	 0.0036677732024683607	 0.8527581690310616	 0.6794715112963351	 0.47076000856057987	 0.43443057734511614	 0.7736683660354786	 0.8583556146930872	 0.5999917372046176	 0.2569955576060664	 0.47603737062038776	 0.14674068067121182	 0.05238756472718664	 7.700357180164819E-4
0.18345521963139022	 0.17683622888467154	 0.7471392703414306	 0.11680348744076097	 0.5	 0.9830130765169273	 0.7177753881606092	 0.31518191405375473	 0.9528249727451001	 0.8251451700220429	 0.03883115910778423	 0.15713310809929726	 0.32337311267025026	 0.22744623597602542	 0.07683698129678329	 0.0329805616479929	 0.8121348343798829	 0.6616120045101778	 0.6524415595318764	 0.11333054752790528
0.34778231704179574	 0.49764691068652434	 0.7690121039083627	 0.736996193144218	 0.016986923483072736	 0.5	 0.9408561666900485	 0.19433912614029547	 0.39469383827815074	 0.6956155706079944	 0.947908339516406	 0.7824060652894194	 0.8192214093406054	 0.7371251362970588	 0.0028115669273452992	 0.16615908759555154	 0.15542571857236875	 0.517706824027617	 0.9916903754606019	 0.29527121222223063
0.3069738847610156	 0.0955385990269707	 0.0040033490338660105	 0.3715915254723292	 0.28222461183939085	 0.05914383330995154	 0.5	 0.682001885426794	 0.987587605481915	 0.14908131954296644	 0.28411961221392235	 0.49513007856334523	 0.1848680403991847	 0.3671786748101925	 0.7388528613581649	 0.8299744218578092	 0.217592524995755	 0.10051712148136993	 0.9241958802065026	 0.2836644274604243
0.7867370172843634	 0.8583643715760507	 0.11073437994438762	 0.9963322267975316	 0.6848180859462453	 0.8056608738597045	 0.31799811457320604	 0.5	 0.6969007356112712	 0.40225469926840507	 0.6452676354827044	 0.5467232491130766	 0.18061711933393232	 0.7776337173410848	 0.9081624205000568	 0.5399456661044509	 0.1407366595494869	 0.22086079454022267	 0.3927729441576867	 0.1750182702365145
0.5739154803177351	 0.7391809299104051	 0.35501449172907507	 0.1472418309689384	 0.04717502725489986	 0.6053061617218493	 0.012412394518084957	 0.3030992643887288	 0.5	 0.2036165452306017	 0.013561604277259831	 0.5223090255195242	 0.3097129723518014	 0.9282853049746257	 0.6061299685820266	 0.4461932594970658	 0.8522743402587225	 0.18613231272161945	 0.1777050441890552	 0.5664909955787168
0.006963704992963171	 0.2978969187496733	 0.41864372263669747	 0.3205284887036649	 0.1748548299779571	 0.3043844293920056	 0.8509186804570336	 0.5977453007315949	 0.7963834547693983	 0.5	 0.38466008518701456	 0.28434213640350514	 0.2761739935496915	 0.332758546344856	 0.12058331699226377	 0.3357897301695897	 0.27651219553608797	 0.9061702984463791	 0.4918437971142714	 0.019714278227890958
0.012661410676952034	 0.6881486792599362	 0.7890057595123475	 0.5292399914394201	 0.9611688408922158	 0.05209166048359404	 0.7158803877860777	 0.3547323645172956	 0.9864383957227402	 0.6153399148129854	 0.5	 0.2639367723118594	 0.9510119483751319	 0.16522526992983932	 0.8003407194683215	 0.347763107969831	 0.25010350322316355	 0.8322742015045539	 0.8747197195787692	 0.34251875182983615
0.5121882205937925	 0.7288050291017655	 0.10552484204235069	 0.5655694226548839	 0.8428668919007027	 0.21759393471058064	 0.5048699214366548	 0.45327675088692343	 0.4776909744804758	 0.7156578635964949	 0.7360632276881406	 0.5	 0.060442270737319115	 0.6855647161597975	 0.606408485479701	 0.21478216115617554	 0.1263330219426253	 0.09759363110859809	 0.9682162461801354	 0.6873788399831016
0.5342629296831308	 0.849621661608508	 0.6403496882552268	 0.22633163396452138	 0.6766268873297497	 0.1807785906593946	 0.8151319596008153	 0.8193828806660677	 0.6902870276481986	 0.7238260064503085	 0.04898805162486808	 0.9395577292626809	 0.5	 0.04949805529284457	 0.6522384413921285	 0.5650898569290193	 0.916980907041893	 0.2791379725172065	 0.34375000577582904	 0.13731647707453098
0.8954752826033029	 0.42631269961821217	 0.434782816129607	 0.1416443853069128	 0.7725537640239746	 0.2628748637029412	 0.6328213251898075	 0.22236628265891523	 0.07171469502537431	 0.667241453655144	 0.8347747300701607	 0.3144352838402025	 0.9505019447071554	 0.5	 0.21681991361567943	 0.3296390051332181	 0.45454119969247964	 0.054571983977436456	 0.3831379341941127	 0.959600443933674
0.9753339583127352	 0.03874746623758174	 0.9402289036066079	 0.4000082627953824	 0.9231630187032167	 0.9971884330726547	 0.26114713864183514	 0.0918375794999432	 0.3938700314179734	 0.8794166830077362	 0.19965928053167847	 0.39359151452029895	 0.3477615586078715	 0.7831800863843206	 0.5	 0.350571249917909	 0.20294513450810825	 0.30216436693177706	 0.9530814724692279	 0.19191524652031589
0.37679216595452847	 0.49021483979432157	 0.5570626787966414	 0.7430044423939336	 0.9670194383520071	 0.8338409124044485	 0.17002557814219077	 0.46005433389554906	 0.5538067405029342	 0.6642102698304103	 0.652236892030169	 0.7852178388438245	 0.43491014307098075	 0.6703609948667819	 0.649428750082091	 0.5	 0.8399193065551731	 0.1638216613114838	 0.832444006310205	 0.34614663931811807
0.6996388337680471	 0.6124139085193873	 0.5489922174142989	 0.5239626293796122	 0.18786516562011712	 0.8445742814276312	 0.782407475004245	 0.8592633404505131	 0.1477256597412775	 0.723487804463912	 0.7498964967768365	 0.8736669780573747	 0.08301909295810705	 0.5454588003075204	 0.7970548654918918	 0.1600806934448269	 0.5	 0.44639488760455126	 0.789025810367685	 0.3018939230435146
0.4194832293865076	 0.13952316487284788	 0.04591342695632006	 0.8532593193287882	 0.33838799548982224	 0.48229317597238297	 0.8994828785186301	 0.7791392054597773	 0.8138676872783805	 0.09382970155362091	 0.1677257984954461	 0.9024063688914019	 0.7208620274827935	 0.9454280160225635	 0.6978356330682229	 0.8361783386885162	 0.5536051123954487	 0.5	 0.11345018493327585	 0.34018729240959067
0.9026108857680496	 0.257066487662025	 0.39777831337488523	 0.9476124352728134	 0.34755844046812356	 0.008309624539398097	 0.07580411979349744	 0.6072270558423133	 0.8222949558109448	 0.5081562028857286	 0.12528028042123085	 0.031783753819864646	 0.656249994224171	 0.6168620658058873	 0.04691852753077208	 0.167555993689795	 0.21097418963231496	 0.8865498150667241	 0.5	 0.28936247737046294
0.31292239500861907	 0.6932093966553837	 0.0374782804403212	 0.9992299642819835	 0.8866694524720947	 0.7047287877777694	 0.7163355725395757	 0.8249817297634855	 0.43350900442128315	 0.980285721772109	 0.6574812481701638	 0.31262116001689844	 0.862683522925469	 0.04039955606632595	 0.8080847534796841	 0.6538533606818819	 0.6981060769564854	 0.6598127075904093	 0.710637522629537	 0.5

0.5	 0.8801393890537045	 0.5708179533943037	 0.1910417760305454	 0.5563177396998672	 0.7618051406726867	 0.5953062026982253	 0.2882317650077766	 0.7181690757357154	 0.3742953786815789	 0.6407554737323574	 0.22099791112205103	 0.5110597308354733	 0.5865454861099353	 0.31523038445070883	 0.1965318173112678	 0.6471927969603885	 0.028487583950397077	 0.25757139787195227	 0.7736985536964093
0.11986061094629552	 0.5	 0.11696774426972734	 0.9009633819176216	 0.2429060826663163	 0.2379335349962982	 0.9764378506067638	 0.7374509250320678	 0.8716649776556202	 0.01610289918729746	 0.6380873724448565	 0.5128990083824885	 0.3011170545720291	 0.4060165940818323	 0.7103693471872137	 0.19906543306764646	 0.9091037382049993	 0.6150089567808363	 0.5027332381867642	 0.8511062115283556
0.42918204660569625	 0.8830322557302727	 0.5	 0.741564436255112	 0.6029790589133681	 0.4154118091229593	 0.5767642821099113	 0.08861061241270085	 0.5075089119330561	 0.5670245754233134	 0.28735902070151675	 0.5583198587081186	 0.49215462761747264	 0.17809524858580372	 0.958877535247866	 0.5730846075160551	 0.7037321403829718	 0.4248685475152624	 0.24182211724229086	 0.30026539269747765
0.8089582239694546	 0.0990366180823784	 0.25843556374488796	 0.5	 0.6503954330083332	 0.7053521590879466	 0.6500684633578501	 0.6470614677823029	 0.7195320215068204	 0.5182973323017795	 0.23184171966928313	 0.09892651267639263	 0.7429768839306511	 0.44587159334548476	 0.5800182406687805	 0.86152062224616	 0.4867727323866293	 0.05206579644929854	 0.2743132502200687	 0.9781043928973674
0.4436822603001328	 0.7570939173336837	 0.3970209410866319	 0.34960456699166675	 0.5	 0.6936806930217875	 0.8614166824804269	 0.3645154509031112	 0.8374443674392605	 0.8388726398252485	 0.9664154380283507	 0.3017817489859529	 0.7617137631979921	 0.07271240451413652	 0.22701167222927732	 0.8041065881606452	 0.16953595403201693	 0.9192600171955968	 0.47191115913681636	 0.5024316314525218
0.23819485932731332	 0.7620664650037018	 0.5845881908770407	 0.2946478409120534	 0.3063193069782125	 0.5	 0.1462326599670436	 0.17510962021469723	 0.5889050323886935	 0.8554640235596882	 0.12150249007449987	 0.11039788962077124	 0.9002570466831328	 0.7441217035295716	 0.7541700687965375	 0.5122972447334002	 0.7592144543959511	 0.36062724182306893	 0.05430909878887569	 0.33103365241638305
0.4046937973017747	 0.023562149393236198	 0.42323571789008874	 0.34993153664214993	 0.1385833175195731	 0.8537673400329564	 0.5	 0.874997387871771	 0.4926218734199376	 0.23495808489942893	 0.6894459555477427	 0.4761604348357533	 0.06927409449499633	 0.7788103553587161	 0.7993303780504782	 0.0560092400655523	 0.8842078841927441	 0.7296745207433724	 0.8912899433038047	 0.10879432682634327
0.7117682349922234	 0.26254907496793223	 0.9113893875872991	 0.3529385322176971	 0.6354845490968888	 0.8248903797853028	 0.12500261212822905	 0.5	 0.7391779261303427	 0.274165805746165	 0.609535419299503	 0.9616926698084085	 0.8627699923205374	 0.26600234111107923	 0.4490607910428739	 0.5351274602189074	 0.3500070444708423	 0.4634448692759602	 0.7198431120969631	 0.62276504773838
0.2818309242642846	 0.12833502234437977	 0.49249108806694386	 0.2804679784931796	 0.16255563256073946	 0.4110949676113065	 0.5073781265800624	 0.2608220738696573	 0.5	 0.5415923109265912	 0.8998321307091668	 0.2111928597509155	 0.0725671306068445	 0.7156228603363712	 0.9878284570085172	 0.19910738691891383	 0.07156561103200465	 0.1999585716384945	 0.6699140713935814	 0.6904572500857936
0.6257046213184211	 0.9838971008127025	 0.4329754245766866	 0.48170266769822045	 0.1611273601747515	 0.1445359764403118	 0.7650419151005711	 0.725834194253835	 0.4584076890734088	 0.5	 0.5895662294422395	 0.03003249024296284	 0.1708127193997806	 0.8300608165314475	 0.9207764938453765	 0.5747409716402476	 0.6819651945492382	 0.2101800578567673	 0.17739229290437586	 0.13215273607159372
0.3592445262676426	 0.36191262755514353	 0.7126409792984832	 0.7681582803307169	 0.033584561971649274	 0.8784975099255001	 0.3105540444522573	 0.39046458070049705	 0.10016786929083321	 0.41043377055776054	 0.5	 0.6138215623660573	 0.4166962293192801	 0.5354665640528979	 0.35712812058929644	 0.8886386613634398	 0.5222013598118161	 0.010922659861240414	 0.5245411230406838	 0.11463409776017552
0.779002088877949	 0.4871009916175115	 0.4416801412918814	 0.9010734873236074	 0.6982182510140471	 0.8896021103792288	 0.5238395651642467	 0.03830733019159149	 0.7888071402490845	 0.9699675097570372	 0.38617843763394266	 0.5	 0.39346727445957386	 0.5523641698914561	 0.05464832930763763	 0.38176105259755444	 0.6192313104089929	 0.2773714644147883	 0.43125058993138043	 0.8500334215080225
0.4889402691645267	 0.6988829454279709	 0.5078453723825274	 0.2570231160693489	 0.2382862368020079	 0.09974295331686722	 0.9307259055050037	 0.13723000767946258	 0.9274328693931555	 0.8291872806002194	 0.5833037706807199	 0.6065327255404261	 0.5	 0.5839638371920989	 0.7502652018662714	 0.6286447093988393	 0.2632439363087774	 0.7142592422349744	 0.30185523532730907	 0.42996395240282614
0.4134545138900647	 0.5939834059181677	 0.8219047514141963	 0.5541284066545152	 0.9272875954858635	 0.25587829647042837	 0.22118964464128388	 0.7339976588889208	 0.28437713966362876	 0.16993918346855252	 0.46453343594710206	 0.4476358301085439	 0.4160361628079011	 0.5	 0.014082550135682492	 0.206719130034123	 0.5254827448895057	 0.5673580351274685	 0.4110760304025822	 0.6096724413196505
0.6847696155492912	 0.2896306528127863	 0.04112246475213399	 0.4199817593312195	 0.7729883277707227	 0.24582993120346253	 0.20066962194952176	 0.5509392089571261	 0.01217154299148282	 0.07922350615462348	 0.6428718794107036	 0.9453516706923624	 0.24973479813372856	 0.9859174498643175	 0.5	 0.24870307368882105	 0.44356430866338403	 0.35343430381699636	 0.47580411232197783	 0.4762442864236188
0.8034681826887322	 0.8009345669323535	 0.42691539248394494	 0.13847937775384	 0.19589341183935483	 0.4877027552665998	 0.9439907599344477	 0.46487253978109255	 0.8008926130810862	 0.4252590283597524	 0.11136133863656017	 0.6182389474024456	 0.3713552906011607	 0.793280869965877	 0.751296926311179	 0.5	 0.3047738739656729	 0.7068022508194286	 0.928740482559343	 0.02741766703277626
0.35280720303961155	 0.09089626179500065	 0.2962678596170282	 0.5132272676133707	 0.8304640459679831	 0.24078554560404886	 0.1157921158072559	 0.6499929555291577	 0.9284343889679953	 0.3180348054507618	 0.47779864018818385	 0.38076868959100707	 0.7367560636912226	 0.47451725511049425	 0.556435691336616	 0.6952261260343271	 0.5	 0.12629781380882732	 0.29108103372698935	 0.3938658776631724
0.9715124160496029	 0.38499104321916366	 0.5751314524847376	 0.9479342035507015	 0.0807399828044032	 0.6393727581769311	 0.27032547925662764	 0.5365551307240398	 0.8000414283615055	 0.7898199421432327	 0.9890773401387596	 0.7226285355852117	 0.2857407577650256	 0.4326419648725315	 0.6465656961830036	 0.2931977491805714	 0.8737021861911727	 0.5	 0.8499430759755296	 0.14539000419863146
0.7424286021280477	 0.4972667618132358	 0.7581778827577091	 0.7256867497799313	 0.5280888408631836	 0.9456909012111243	 0.10871005669619527	 0.28015688790303694	 0.3300859286064186	 0.8226077070956241	 0.4754588769593162	 0.5687494100686196	 0.6981447646726909	 0.5889239695974178	 0.5241958876780222	 0.07125951744065695	 0.7089189662730107	 0.15005692402447035	 0.5	 0.5408956418613666
0.22630144630359073	 0.14889378847164436	 0.6997346073025223	 0.021895607102632608	 0.4975683685474782	 0.668966347583617	 0.8912056731736567	 0.37723495226161996	 0.3095427499142064	 0.8678472639284063	 0.8853659022398245	 0.14996657849197748	 0.5700360475971739	 0.3903275586803495	 0.5237557135763812	 0.9725823329672237	 0.6061341223368276	 0.8546099958013685	 0.4591043581386334	 0.5

0.5	 0.022158931119228065	 0.5455037213810711	 0.9339783358419245	 0.24723553489836447	 0.38223104445694656	 0.648802588201585	 0.9681171847594916	 0.15168307216431387	 0.9387548026479946	 0.5928952085298228	 0.6977437493888029	 0.4584164289379462	 0.42466605304959437	 0.880816715412551	 0.8442151459972033	 0.3667995868079872	 0.9174772444355587	 0.5288842770283352	 0.7891253447061277
0.9778410688807719	 0.5	 0.7929621604135374	 0.15731328276940615	 0.07011035525133691	 0.6083812992657246	 0.6201708327332188	 0.7247394109622005	 0.9026450748023583	 0.6082369514877655	 0.6669869567239195	 0.11783984433244588	 0.1420911763078928	 0.6825295235191757	 0.15949510067451655	 0.1791396047262056	 0.8054814181561091	 0.5496203546195456	 0.6159587716335392	 0.6403440651090904
0.45449627861892894	 0.2070378395864626	 0.5	 0.9799025681076381	 0.07305002915009029	 0.830578944918152	 0.7765041678435972	 0.6101962498976236	 0.4216760946990378	 0.07760199389841949	 0.2910976849262066	 0.6778616937052405	 0.7830684375375365	 0.7478436197781637	 0.5896496180854901	 0.8372310281349991	 0.7081962412228069	 0.37676552864776647	 0.5418982931665902	 0.025183057465856695
0.06602166415807553	 0.8426867172305939	 0.020097431892361906	 0.5	 0.9359475288395072	 0.4265625334149328	 0.681145398154898	 0.16710641687366767	 0.722780426217919	 0.2442873702629934	 0.5443125284639588	 0.8645190504335875	 0.2858130072736367	 0.3338609737111511	 0.5173580593871608	 0.8686954148515544	 0.9569165192267274	 0.45188710214556516	 0.11809193692391307	 0.21984870099361564
0.7527644651016355	 0.9298896447486631	 0.9269499708499097	 0.06405247116049284	 0.5	 0.040884309030055355	 0.06550900701742435	 0.12205883727168998	 0.16286048000677822	 0.17250704515719473	 0.3951175091706106	 0.31704215173018924	 0.3382456238412016	 0.17539198832495417	 0.6055394973863263	 0.9578751047030724	 0.29098533152933204	 0.03962271845720211	 0.7064063135346104	 0.18562719320906917
0.6177689555430534	 0.3916187007342754	 0.16942105508184802	 0.5734374665850672	 0.9591156909699446	 0.5	 0.04005687925174295	 0.6558626247822819	 0.37572173732521275	 0.773867593304006	 0.30793342647565536	 0.3702641280698742	 0.23021973388417016	 0.569589753376948	 0.02202344509243004	 0.2575527503992463	 0.03192242161977521	 0.9075141145972645	 0.8689634874237311	 0.24891322229985313
0.351197411798415	 0.3798291672667812	 0.22349583215640278	 0.31885460184510195	 0.9344909929825757	 0.959943120748257	 0.5	 0.9423787666754783	 0.09386886916315385	 0.007874125328413695	 0.8968129702510389	 0.21438520776728254	 0.7793814404011699	 0.5301342644121347	 0.6106553076725872	 0.6455595245730072	 0.671096168707985	 0.8909235602111132	 0.6551634101120068	 0.7089596334465935
0.0318828152405084	 0.2752605890377995	 0.38980375010237645	 0.8328935831263323	 0.87794116272831	 0.34413737521771814	 0.05762123332452174	 0.5	 0.5687663647984107	 0.33172900449821563	 0.06765329287294963	 0.5230090002236353	 0.1539520725763166	 0.2632060948463544	 0.9208619855236562	 0.7263113870725294	 0.3085872121719134	 0.6842312831876167	 0.034755227121383236	 0.8825072400374618
0.8483169278356861	 0.09735492519764166	 0.5783239053009622	 0.27721957378208095	 0.8371395199932218	 0.6242782626747873	 0.9061311308368462	 0.4312336352015893	 0.5	 0.9946630225280338	 0.9756765215072569	 0.3237463945187111	 0.25614456030065713	 0.8878071638348943	 0.8263834235789517	 0.45501626057685807	 0.6726076464887796	 0.02492111223506499	 0.6240087296832392	 0.38913148499380723
0.0612451973520054	 0.39176304851223454	 0.9223980061015805	 0.7557126297370066	 0.8274929548428053	 0.226132406695994	 0.9921258746715863	 0.6682709955017844	 0.005336977471966153	 0.5	 0.7034673197365287	 0.6996705559900882	 0.3748585390776563	 0.6759165604125743	 0.6031860135888648	 0.7195073490484606	 0.10452418075031478	 0.0865429659952689	 0.2639324835321951	 0.9240332905772846
0.4071047914701772	 0.3330130432760805	 0.7089023150737934	 0.45568747153604117	 0.6048824908293894	 0.6920665735243446	 0.1031870297489611	 0.9323467071270504	 0.024323478492743078	 0.29653268026347135	 0.5	 0.735077760798961	 0.27705610898802313	 0.9523301407039225	 0.5568996902372945	 0.6347806228558583	 0.69906877863442	 0.7452838962316573	 0.6820689364272616	 0.392703603557614
0.3022562506111971	 0.8821601556675541	 0.3221383062947595	 0.13548094956641255	 0.6829578482698108	 0.6297358719301258	 0.7856147922327175	 0.4769909997763647	 0.6762536054812889	 0.3003294440099118	 0.26492223920103897	 0.5	 0.9001079997197242	 0.39160089014016664	 0.340147358474317	 0.8833528809466281	 0.6891093715683619	 0.7919399757893628	 0.5516314611155703	 0.35534090490443204
0.5415835710620538	 0.8579088236921072	 0.21693156246246348	 0.7141869927263633	 0.6617543761587984	 0.7697802661158298	 0.22061855959883014	 0.8460479274236834	 0.7438554396993429	 0.6251414609223437	 0.7229438910119769	 0.09989200028027578	 0.5	 0.3818111496236719	 0.4116962132944053	 0.5912923192198138	 0.103336815536058	 0.4863082489167322	 0.7197459594227621	 0.18155588036161852
0.5753339469504056	 0.31747047648082427	 0.2521563802218363	 0.6661390262888489	 0.8246080116750458	 0.43041024662305205	 0.46986573558786526	 0.7367939051536456	 0.11219283616510567	 0.3240834395874257	 0.04766985929607748	 0.6083991098598334	 0.6181888503763281	 0.5	 0.26397655187762825	 0.7407837833614875	 0.18054918215546845	 0.38261950673498646	 0.4141075922356091	 0.3734438641870226
0.11918328458744898	 0.8405048993254834	 0.4103503819145099	 0.48264194061283916	 0.3944605026136737	 0.97797655490757	 0.38934469232741276	 0.07913801447634383	 0.17361657642104833	 0.3968139864111352	 0.44310030976270554	 0.659852641525683	 0.5883037867055947	 0.7360234481223717	 0.5	 0.41792554422019923	 0.9931782794565674	 0.9436891840598366	 0.818939121853371	 0.9158912305798781
0.15578485400279674	 0.8208603952737944	 0.16276897186500094	 0.13130458514844556	 0.042124895296927645	 0.7424472496007537	 0.35444047542699275	 0.2736886129274706	 0.5449837394231419	 0.2804926509515394	 0.36521937714414165	 0.11664711905337188	 0.40870768078018616	 0.25921621663851246	 0.5820744557798008	 0.5	 0.21801691234430698	 0.6258636611200015	 0.8960642057272304	 0.025263724836631307
0.6332004131920128	 0.19451858184389093	 0.2918037587771931	 0.04308348077327262	 0.709014668470668	 0.9680775783802248	 0.32890383129201495	 0.6914127878280866	 0.3273923535112204	 0.8954758192496852	 0.30093122136558004	 0.31089062843163806	 0.896663184463942	 0.8194508178445316	 0.006821720543432552	 0.781983087655693	 0.5	 0.2073563371032966	 0.41316021426865	 0.6282842056067558
0.08252275556444133	 0.4503796453804544	 0.6232344713522335	 0.5481128978544348	 0.9603772815427979	 0.0924858854027355	 0.10907643978888681	 0.3157687168123833	 0.975078887764935	 0.9134570340047311	 0.25471610376834275	 0.20806002421063718	 0.5136917510832678	 0.6173804932650135	 0.056310815940163406	 0.37413633887999853	 0.7926436628967034	 0.5	 0.10431223072296891	 0.8277267267973935
0.4711157229716648	 0.3840412283664608	 0.4581017068334098	 0.8819080630760869	 0.29359368646538964	 0.13103651257626892	 0.34483658988799315	 0.9652447728786168	 0.37599127031676083	 0.7360675164678049	 0.31793106357273837	 0.44836853888442973	 0.2802540405772379	 0.5858924077643909	 0.18106087814662897	 0.10393579427276955	 0.58683978573135	 0.8956877692770311	 0.5	 0.25148758050053166
0.21087465529387228	 0.35965593489090963	 0.9748169425341433	 0.7801512990063844	 0.8143728067909308	 0.7510867777001469	 0.2910403665534065	 0.11749275996253816	 0.6108685150061928	 0.07596670942271544	 0.607296396442386	 0.644659095095568	 0.8184441196383815	 0.6265561358129774	 0.08410876942012191	 0.9747362751633687	 0.3717157943932442	 0.17227327320260655	 0.7485124194994683	 0.5

0.5	 0.9513146866873936	 0.7459929901596433	 0.011992965637478092	 0.7591946629326211	 0.14856094757476546	 0.5624019516191697	 0.2072219701860708	 0.3434054824864575	 0.7062487297995588	 0.49386489306115355	 0.01153030367899277	 0.07317408280213944	 0.7773240911050328	 0.6365562576680298	 0.40384504720747016	 0.029144628068465073	 0.6897821411847418	 0.2542467279545546	 0.5284891798740357
0.04868531331260639	 0.5	 0.8278585246337037	 0.3030590283870962	 0.2509494549833027	 0.48498104559708355	 0.12487303169728725	 0.006454097630188116	 0.652882751612972	 0.9461581940724731	 0.6021870054478106	 0.39647711382150275	 0.42692826385699667	 0.5365406965656316	 0.9942038029210096	 0.6553686899677079	 0.9246774786075845	 0.4038260334274385	 0.8089999974010335	 0.9196422441899736
0.25400700984035673	 0.17214147536629631	 0.5	 0.7343237157957644	 0.6986338739149335	 0.5354576954310396	 0.47534810573314346	 0.7470708179590936	 0.7410954737278885	 0.2918575388070733	 0.4458617867380069	 0.8003936199776623	 0.49760962749329074	 0.06781829745355583	 0.7483500367208288	 0.34739964186935635	 0.6170630013757573	 0.9390080260752484	 0.4866695639313814	 0.21970512081525828
0.9880070343625219	 0.6969409716129038	 0.2656762842042356	 0.5	 0.6830396490509424	 0.892841128553922	 0.6213055086386937	 0.7006529006259101	 0.5270206602013219	 0.19341415711524956	 0.7110574739344677	 0.80636357596137	 0.41730221613610363	 0.5352230333091522	 0.7565333337949531	 0.8840255686545763	 0.6893358667683378	 0.587742381272991	 0.6921118825487084	 0.379993510981845
0.24080533706737894	 0.7490505450166973	 0.3013661260850665	 0.3169603509490576	 0.5	 0.9154222477870849	 0.9167380723137094	 0.8708874957807431	 0.9046785581646133	 0.025165805813142428	 0.6832217675528361	 0.9662110899876929	 0.5268786623426265	 0.8828240631755909	 0.9672462041161709	 0.07379367453022478	 0.5671101610330899	 0.7036626486581836	 0.04127895166483242	 0.4399399560731243
0.8514390524252345	 0.5150189544029165	 0.4645423045689604	 0.10715887144607805	 0.08457775221291508	 0.5	 0.027666753176808	 0.348652856936304	 0.4266808467933383	 0.16433119837077714	 0.1965457455910128	 0.9753255133401743	 0.10685511090514144	 0.42987823309726214	 0.8930454397842129	 0.7423215195907559	 0.8419218437273231	 0.2975166686977011	 0.2847516787398162	 0.2661558488775876
0.4375980483808303	 0.8751269683027127	 0.5246518942668565	 0.3786944913613063	 0.0832619276862906	 0.972333246823192	 0.5	 0.1323113815391349	 0.8704185334739469	 0.19879578113436203	 0.3109384964256253	 0.012459885039280305	 0.6799454172261862	 0.3746798051799729	 0.7552721996705967	 0.5208287049482471	 0.474770429269727	 0.16162945325852562	 0.22527357400378822	 0.38875858887035886
0.7927780298139292	 0.9935459023698119	 0.2529291820409064	 0.2993470993740899	 0.1291125042192569	 0.651347143063696	 0.8676886184608651	 0.5	 0.20494728732412315	 0.750348849061107	 0.9086407567866889	 0.21820889718966496	 0.8843068417051905	 0.14721565101978895	 0.9719171610083869	 0.17722076335011538	 0.1874126237070297	 0.7483686898557587	 0.691577704279125	 0.031982578052657695
0.6565945175135425	 0.34711724838702795	 0.25890452627211147	 0.4729793397986781	 0.09532144183538671	 0.5733191532066617	 0.12958146652605307	 0.7950527126758768	 0.5	 0.0914088079360903	 0.5518045771496662	 0.8792899898511459	 0.15566476287032038	 0.6084450886585453	 0.7575141683388219	 0.43268011746876134	 0.006730508391468826	 0.6709652972944276	 0.7488529618512879	 0.8751589324050754
0.29375127020044123	 0.05384180592752685	 0.7081424611929267	 0.8065858428847504	 0.9748341941868576	 0.8356688016292229	 0.801204218865638	 0.249651150938893	 0.9085911920639097	 0.5	 0.45321737754801394	 0.5299972561129845	 0.22275436702422724	 0.5618409668509877	 0.23452467962372714	 0.6056837843194699	 0.5420585501106013	 0.8233155508189814	 0.7985296239811572	 0.58964550490586
0.5061351069388464	 0.39781299455218944	 0.5541382132619931	 0.2889425260655323	 0.31677823244716385	 0.8034542544089872	 0.6890615035743747	 0.09135924321331113	 0.44819542285033376	 0.5467826224519861	 0.5	 0.22014356645547306	 0.6950051261193306	 0.7293952049854011	 0.7403683774187387	 0.816209454501026	 0.037073471654697654	 0.99022127268371	 0.7356601550782829	 0.41898055930905664
0.9884696963210072	 0.6035228861784973	 0.19960638002233766	 0.19363642403863002	 0.033788910012307105	 0.024674486659825745	 0.9875401149607197	 0.781791102810335	 0.12071001014885407	 0.47000274388701546	 0.7798564335445269	 0.5	 0.7883221540343129	 0.24472931917835028	 0.15032121793952602	 0.3272546475213294	 0.8172407647202025	 0.5934609347888947	 0.6125274653986982	 0.4976420692219914
0.9268259171978606	 0.5730717361430033	 0.5023903725067093	 0.5826977838638964	 0.4731213376573735	 0.8931448890948586	 0.3200545827738138	 0.11569315829480953	 0.8443352371296796	 0.7772456329757728	 0.30499487388066937	 0.21167784596568706	 0.5	 0.3343524878587978	 0.16250876696949523	 0.9590238814357467	 0.8230019606387431	 0.11222379481914413	 0.11658740184644711	 0.2570793540314791
0.22267590889496724	 0.46345930343436836	 0.9321817025464442	 0.4647769666908478	 0.11717593682440908	 0.5701217669027379	 0.6253201948200271	 0.852784348980211	 0.3915549113414547	 0.4381590331490123	 0.2706047950145989	 0.7552706808216497	 0.6656475121412022	 0.5	 0.32949672533446506	 0.8229828851436335	 0.8332918799270804	 0.39025468217520154	 0.9358497672195367	 0.6479186160312337
0.3634437423319702	 0.005796197078990373	 0.2516499632791712	 0.24346666620504687	 0.032753795883829095	 0.10695456021578709	 0.24472780032940333	 0.028082838991613124	 0.2424858316611781	 0.7654753203762729	 0.25963162258126127	 0.849678782060474	 0.8374912330305048	 0.6705032746655349	 0.5	 0.1716788601369379	 0.015387378559448495	 0.5053060323628185	 0.939707848442375	 0.9958464504896977
0.5961549527925298	 0.3446313100322921	 0.6526003581306437	 0.11597443134542373	 0.9262063254697752	 0.2576784804092441	 0.47917129505175293	 0.8227792366498846	 0.5673198825312387	 0.3943162156805301	 0.183790545498974	 0.6727453524786706	 0.04097611856425332	 0.1770171148563665	 0.8283211398630621	 0.5	 0.08979832209941652	 0.5389585302545555	 0.1250461904795087	 0.37297605330857553
0.9708553719315349	 0.07532252139241546	 0.3829369986242427	 0.3106641332316622	 0.43288983896691013	 0.15807815627267685	 0.525229570730273	 0.8125873762929703	 0.9932694916085312	 0.45794144988939867	 0.9629265283453023	 0.18275923527979754	 0.1769980393612569	 0.16670812007291957	 0.9846126214405515	 0.9102016779005835	 0.5	 0.8405770980601741	 0.008518198598033377	 0.22393278778251158
0.3102178588152582	 0.5961739665725615	 0.06099197392475164	 0.41225761872700895	 0.2963373513418164	 0.7024833313022989	 0.8383705467414744	 0.25163131014424134	 0.32903470270557245	 0.17668444918101855	 0.009778727316290037	 0.4065390652111053	 0.8877762051808559	 0.6097453178247985	 0.49469396763718154	 0.46104146974544447	 0.1594229019398259	 0.5	 0.1553398292134136	 0.0019040609526124186
0.7457532720454454	 0.19100000259896655	 0.5133304360686186	 0.30788811745129163	 0.9587210483351676	 0.7152483212601838	 0.7747264259962118	 0.308422295720875	 0.2511470381487121	 0.20147037601884277	 0.26433984492171714	 0.3874725346013018	 0.8834125981535529	 0.06415023278046328	 0.06029215155762502	 0.8749538095204913	 0.9914818014019666	 0.8446601707865864	 0.5	 0.5072686677334206
0.47151082012596435	 0.08035775581002635	 0.7802948791847417	 0.620006489018155	 0.5600600439268757	 0.7338441511224124	 0.6112414111296411	 0.9680174219473423	 0.12484106759492464	 0.41035449509414	 0.5810194406909434	 0.5023579307780086	 0.7429206459685209	 0.3520813839687663	 0.0041535495103023345	 0.6270239466914245	 0.7760672122174884	 0.9980959390473876	 0.4927313322665794	 0.5

0.5	 0.5029395437218976	 0.6612671284091344	 0.44721946603859464	 0.6199051837861745	 0.9886130054301986	 0.1368084844163019	 0.004274009907950682	 0.1693822987785496	 0.23024096059719223	 0.011060415943334179	 0.7556984021220554	 0.44141411861342195	 0.11643837588776285	 0.33807856815661974	 0.47480396801888947	 0.8571266470713468	 0.5565672389081845	 0.4374204020500484	 0.831237902611866
0.49706045627810236	 0.5	 0.6413396217154461	 0.4815675574239269	 0.7960431597174785	 0.1364856859853255	 0.27359826017092637	 0.03097684531887701	 0.1630814100224498	 0.1137120043587524	 0.801899690821177	 0.821432798972402	 0.7965192956705931	 0.4666291525256022	 0.564554831154178	 0.8960542716217422	 0.2514362396485288	 0.741808246514216	 0.9369154243145379	 0.9394485107376093
0.3387328715908656	 0.3586603782845539	 0.5	 0.061419145304338674	 0.47982487118356265	 0.8222349424951467	 0.6096929574827262	 0.15789832475319443	 0.9328579201251384	 0.7397214573649	 0.3864925608237959	 0.8965781124660862	 0.6898360748166097	 0.5278791259788055	 0.16381415088559748	 0.11579745262457619	 0.39495411823560667	 0.8775243591876057	 0.925651820973529	 0.73856976622812
0.5527805339614054	 0.5184324425760731	 0.9385808546956613	 0.5	 0.3713565402392648	 0.13640189596755592	 0.23517813258664677	 0.04821536034248175	 0.3690135257252549	 0.08611469271094374	 0.9403880841154169	 0.916913805499029	 0.8442903985995865	 0.6821208391390916	 0.45344395149396854	 0.9471676757638731	 0.14843826436774432	 0.06883975295343048	 0.1962807185647677	 0.6980833558347243
0.38009481621382546	 0.20395684028252148	 0.5201751288164373	 0.6286434597607352	 0.5	 0.7532102513841307	 0.5344490412546465	 0.32163388121549374	 0.9115381829071884	 0.17403424642873844	 0.45374233521049134	 0.6165020400160042	 0.9277178706262004	 0.5646496076492019	 0.6824572842535547	 0.5741590948672924	 0.2851717975339845	 0.05184189780157744	 0.3127727356189116	 0.9811821163478339
0.011386994569801412	 0.8635143140146745	 0.17776505750485327	 0.8635981040324441	 0.24678974861586933	 0.5	 0.8374478082583222	 0.7548861535397573	 0.1772119589570127	 0.007562358604382369	 0.5865325977481798	 0.09153599457265305	 0.9969793128464086	 0.7108187405108328	 0.8327373499661747	 0.4108720261559011	 0.6107952235345204	 0.06913448683472401	 0.17133279622246766	 0.21305031755249493
0.8631915155836981	 0.7264017398290736	 0.3903070425172738	 0.7648218674133532	 0.46555095874535346	 0.1625521917416778	 0.5	 0.2915847464194703	 0.14388921946321698	 0.3281514715442878	 0.21696711854059436	 0.7609134796757632	 0.7385604862385053	 0.8195394682587622	 0.3190838910163124	 0.14485334278855244	 0.9688200049971016	 0.9464536261846952	 0.05013210193858009	 0.780000525258054
0.9957259900920493	 0.969023154681123	 0.8421016752468056	 0.9517846396575182	 0.6783661187845063	 0.2451138464602427	 0.7084152535805297	 0.5	 0.48775175157378814	 0.688164676423085	 0.4811447113556765	 0.4746564426873935	 0.7204704344414151	 0.6479401355322997	 0.6562370505391142	 0.557721582111972	 0.354020486259779	 0.3212457836100112	 0.5367872624985116	 0.8066417055686349
0.8306177012214504	 0.8369185899775502	 0.06714207987486165	 0.6309864742747451	 0.08846181709281165	 0.8227880410429873	 0.856110780536783	 0.5122482484262119	 0.5	 0.5012870764703424	 0.6064177324980197	 0.13014194507057275	 0.13578432670731577	 0.41175280757634325	 0.6584217964427641	 0.9457002974937859	 0.7479126168673463	 0.3372844657157269	 0.8982304050722545	 0.17220564826468054
0.7697590394028078	 0.8862879956412476	 0.2602785426351	 0.9138853072890563	 0.8259657535712616	 0.9924376413956176	 0.6718485284557122	 0.311835323576915	 0.49871292352965757	 0.5	 0.30396348744045765	 0.1777364785030281	 0.23351213598329945	 0.002300803138458818	 0.5501245675693509	 0.8290089672814652	 0.32074178351346583	 0.3438790995672092	 0.7562450394876683	 0.735299778190276
0.9889395840566658	 0.19810030917882304	 0.6135074391762041	 0.059611915884583144	 0.5462576647895087	 0.4134674022518202	 0.7830328814594056	 0.5188552886443235	 0.39358226750198033	 0.6960365125595424	 0.5	 0.004504340760145942	 0.7524906642959789	 0.2659036059667922	 0.007641711320517275	 0.906679331913122	 0.7950393146623107	 0.43599607661776185	 0.6124175201413209	 0.5063563167773795
0.2443015978779446	 0.17856720102759804	 0.10342188753391379	 0.08308619450097099	 0.38349795998399583	 0.908464005427347	 0.23908652032423683	 0.5253435573126065	 0.8698580549294272	 0.8222635214969719	 0.9954956592398541	 0.5	 0.21223211614724413	 0.2524942930342212	 0.5563968842871481	 0.9507466535670284	 0.1857205257832013	 0.9490670689314628	 0.6989409014608013	 0.2680201685037179
0.558585881386578	 0.2034807043294069	 0.3101639251833903	 0.15570960140041346	 0.07228212937379963	 0.0030206871535913837	 0.26143951376149466	 0.2795295655585849	 0.8642156732926842	 0.7664878640167005	 0.24750933570402112	 0.7877678838527559	 0.5	 0.7355983296599637	 0.026542738955904976	 0.8073718460162473	 0.6149101190002265	 0.774898236263074	 0.17373238475516806	 0.7381066930596831
0.8835616241122372	 0.5333708474743978	 0.4721208740211945	 0.3178791608609084	 0.4353503923507981	 0.2891812594891672	 0.18046053174123777	 0.3520598644677003	 0.5882471924236568	 0.9976991968615412	 0.7340963940332078	 0.7475057069657788	 0.26440167034003625	 0.5	 0.6850932031533756	 0.6299553749795255	 0.7239211851824102	 0.17400497926273262	 0.4287659547121302	 0.898983009586697
0.6619214318433803	 0.43544516884582196	 0.8361858491144025	 0.5465560485060315	 0.3175427157464453	 0.16726265003382534	 0.6809161089836876	 0.3437629494608858	 0.3415782035572359	 0.4498754324306491	 0.9923582886794827	 0.44360311571285194	 0.973457261044095	 0.31490679684662437	 0.5	 0.44637539077573796	 0.17748295336142694	 0.7895027324757287	 0.3659316472569881	 0.6685002617012267
0.5251960319811105	 0.10394572837825777	 0.8842025473754238	 0.05283232423612694	 0.42584090513270756	 0.5891279738440989	 0.8551466572114476	 0.442278417888028	 0.054299702506214076	 0.17099103271853477	 0.093320668086878	 0.049253346432971634	 0.19262815398375266	 0.3700446250204745	 0.553624609224262	 0.5	 0.9292977781057841	 0.251394321864049	 0.3126798483529619	 0.9518245674375295
0.14287335292865322	 0.7485637603514712	 0.6050458817643933	 0.8515617356322557	 0.7148282024660155	 0.3892047764654796	 0.031179995002898364	 0.645979513740221	 0.25208738313265366	 0.6792582164865342	 0.2049606853376893	 0.8142794742167987	 0.3850898809997735	 0.2760788148175898	 0.8225170466385731	 0.07070222189421593	 0.5	 0.4145065891344768	 0.6076308827636209	 0.979831334893429
0.4434327610918155	 0.25819175348578405	 0.12247564081239426	 0.9311602470465695	 0.9481581021984226	 0.930865513165276	 0.053546373815304804	 0.6787542163899888	 0.6627155342842731	 0.6561209004327908	 0.5640039233822381	 0.050932931068537246	 0.22510176373692603	 0.8259950207372674	 0.21049726752427134	 0.748605678135951	 0.5854934108655232	 0.5	 0.8037753807570325	 0.4899573873247226
0.5625795979499516	 0.06308457568546211	 0.07434817902647095	 0.8037192814352323	 0.6872272643810884	 0.8286672037775323	 0.9498678980614199	 0.4632127375014884	 0.10176959492774551	 0.2437549605123317	 0.3875824798586791	 0.30105909853919866	 0.8262676152448319	 0.5712340452878698	 0.6340683527430119	 0.6873201516470381	 0.39236911723637913	 0.19622461924296752	 0.5	 0.5111062771066054
0.16876209738813397	 0.060551489262390734	 0.26143023377188	 0.30191664416527575	 0.01881788365216608	 0.7869496824475051	 0.21999947474194603	 0.1933582944313651	 0.8277943517353195	 0.26470022180972397	 0.49364368322262053	 0.7319798314962821	 0.2618933069403169	 0.10101699041330303	 0.3314997382987733	 0.04817543256247048	 0.020168665106571004	 0.5100426126752774	 0.4888937228933946	 0.5

0.5	 0.47179936670025713	 0.7710299959845304	 0.6080511538690428	 0.2075779443670216	 0.005702843825411641	 0.06917095937006101	 0.19582916533187844	 0.05180717799448031	 0.3418555425357943	 0.011689619321002098	 0.7871671710866743	 0.38044607583443024	 0.5121408037079552	 0.286098761489435	 0.2590037710698553	 0.026488339729981103	 0.2905690147313178	 0.916890227480653	 0.2153916611792034
0.5282006332997429	 0.5	 0.744106071779527	 0.4132137804991147	 0.08290740365885518	 0.4723153477274231	 0.9355151947435266	 0.8617934740366462	 0.5496094866119902	 0.2297048147543641	 0.7545887599253932	 0.18089931895456546	 0.7694810619690677	 0.8503530336068865	 0.6097099663851681	 0.7685978406073303	 0.025128992571819997	 0.40079742463109336	 0.300270190718524	 0.8311121353518902
0.22897000401546963	 0.25589392822047297	 0.5	 0.3421482545564849	 0.6258263891410677	 0.7643815009651186	 0.2245126198135684	 0.28262645878821235	 0.8261243294264168	 0.6897877332784715	 0.7198248819643479	 0.14519725441438236	 0.18766894678701662	 0.04562129374227797	 0.322688875318624	 0.5438404752622075	 0.47184744827992775	 0.9295678523236106	 0.15467942530997414	 0.8151669887079495
0.39194884613095715	 0.5867862195008853	 0.6578517454435151	 0.5	 0.6168592210891285	 0.9931646090459058	 0.06062608648159218	 0.2127145383624447	 0.7238237843576484	 0.10737196491001566	 0.5447451678638227	 0.38682049118846484	 0.10511523641893217	 0.8612227003493039	 0.8581250118530362	 0.21992616072251436	 0.557795343124272	 0.9482666007317941	 0.06108067842554643	 0.6897063836029167
0.7924220556329784	 0.9170925963411448	 0.3741736108589323	 0.3831407789108715	 0.5	 0.7916188124380388	 0.48869254217101554	 0.6661220120828556	 0.06620745542140682	 0.9889369465226033	 0.8594243020727677	 0.03075466164123053	 0.4142151621216975	 0.8029258063525504	 0.6601501913811096	 0.014060857151358519	 0.06836371156201593	 0.7109181365405544	 0.030160987968947395	 0.5369827926419973
0.9942971561745884	 0.5276846522725769	 0.2356184990348814	 0.006835390954094245	 0.20838118756196122	 0.5	 0.4760363532765607	 0.5312187531710907	 0.6490340929305102	 0.5934584935946424	 0.561895647622916	 0.08463542497599652	 0.4036167774652383	 0.9480363355395832	 0.5579227715390839	 0.4360580508806938	 0.8844246338454553	 0.22532081898699863	 0.06413213536984941	 0.8867714628594372
0.930829040629939	 0.06448480525647338	 0.7754873801864316	 0.9393739135184078	 0.5113074578289845	 0.5239636467234393	 0.5	 0.5864858698659488	 0.34757921330244246	 0.9576681292963412	 0.9047877964765885	 0.9328260742405288	 0.3090648275927327	 0.6517793563736282	 0.4783367530454685	 0.013202052179447255	 0.08908935089502834	 0.12120434311274009	 0.9567528295420431	 0.2363572709510604
0.8041708346681216	 0.1382065259633538	 0.7173735412117876	 0.7872854616375553	 0.3338779879171444	 0.4687812468289093	 0.41351413013405125	 0.5	 0.10060342031927849	 0.056792818842436144	 0.3033509190172131	 0.9309860649558919	 0.9470208623462586	 0.48972461567136927	 0.8264828881486356	 0.2987571064714978	 0.4172489374101944	 0.2344781297600096	 0.8778190118536843	 0.02216106144224894
0.9481928220055197	 0.45039051338800984	 0.17387567057358322	 0.2761762156423516	 0.9337925445785932	 0.3509659070694898	 0.6524207866975575	 0.8993965796807215	 0.5	 0.5873631494989769	 0.5397387639436844	 0.7110004412236938	 0.2606114932859641	 0.617091937977914	 0.40772731511613336	 0.6791597268432527	 0.7301421900878495	 0.33025323723725586	 0.14496688043145822	 0.2164082735186219
0.6581444574642057	 0.7702951852456359	 0.31021226672152846	 0.8926280350899843	 0.011063053477396667	 0.4065415064053576	 0.04233187070365885	 0.9432071811575639	 0.41263685050102306	 0.5	 0.05520741179218813	 0.9505111432538115	 0.8412964267587357	 0.5962414512773911	 0.6055070047112776	 0.42729765881251336	 0.6389775819629857	 0.28891300734525116	 0.5864209040590839	 0.6314711943153246
0.9883103806789979	 0.2454112400746068	 0.2801751180356521	 0.45525483213617735	 0.14057569792723235	 0.438104352377084	 0.09521220352341153	 0.6966490809827869	 0.46026123605631564	 0.9447925882078119	 0.5	 0.8500310274883455	 0.850182515718993	 0.23855259080080748	 0.3262598807891619	 0.20747719365779027	 0.6654410469958612	 0.6200449510057454	 0.22626410391479035	 0.7949456132991586
0.21283282891332567	 0.8191006810454345	 0.8548027455856176	 0.6131795088115352	 0.9692453383587695	 0.9153645750240035	 0.06717392575947123	 0.06901393504410813	 0.28899955877630623	 0.049488856746188525	 0.14996897251165453	 0.5	 0.5460716671369802	 0.5947456130702848	 0.645769901605728	 0.4891559958819517	 0.1290029735518181	 0.3299634772392982	 0.20735074769593242	 0.0710633036171564
0.6195539241655698	 0.23051893803093226	 0.8123310532129834	 0.8948847635810678	 0.5857848378783025	 0.5963832225347617	 0.6909351724072673	 0.052979137653741404	 0.7393885067140359	 0.15870357324126427	 0.14981748428100705	 0.4539283328630198	 0.5	 0.2657655608845918	 0.8194719103501481	 0.8327119909204184	 0.513997993567012	 0.10396274933660654	 0.6905778954271127	 0.7699590269312969
0.48785919629204477	 0.14964696639311348	 0.954378706257722	 0.13877729965069607	 0.1970741936474496	 0.05196366446041678	 0.34822064362637184	 0.5102753843286307	 0.38290806202208605	 0.40375854872260886	 0.7614474091991925	 0.40525438692971516	 0.7342344391154082	 0.5	 0.34092207450636236	 0.36191873111952455	 0.8284914778570331	 0.7249467939551383	 0.35796010474658024	 0.37636799068619864
0.713901238510565	 0.39029003361483194	 0.677311124681376	 0.14187498814696375	 0.33984980861889036	 0.4420772284609161	 0.5216632469545315	 0.17351711185136443	 0.5922726848838666	 0.3944929952887224	 0.6737401192108381	 0.354230098394272	 0.1805280896498519	 0.6590779254936376	 0.5	 0.15689221837398426	 0.25909416144748354	 0.5176537092314845	 0.8634030825124758	 0.2505054107675969
0.7409962289301447	 0.23140215939266973	 0.45615952473779253	 0.7800738392774856	 0.9859391428486415	 0.5639419491193062	 0.9867979478205527	 0.7012428935285022	 0.32084027315674735	 0.5727023411874866	 0.7925228063422097	 0.5108440041180483	 0.16728800907958163	 0.6380812688804754	 0.8431077816260157	 0.5	 0.4920243566028061	 0.1429273543434625	 0.9744973926210558	 0.3236632177350087
0.9735116602700189	 0.97487100742818	 0.5281525517200722	 0.44220465687572796	 0.9316362884379841	 0.11557536615454467	 0.9109106491049717	 0.5827510625898056	 0.26985780991215047	 0.3610224180370143	 0.33455895300413885	 0.8709970264481819	 0.48600200643298797	 0.17150852214296686	 0.7409058385525165	 0.5079756433971939	 0.5	 0.8046181993568849	 0.25154170389512776	 0.15227266831606412
0.7094309852686822	 0.5992025753689066	 0.07043214767638939	 0.05173339926820586	 0.28908186345944564	 0.7746791810130014	 0.8787956568872599	 0.7655218702399904	 0.6697467627627441	 0.7110869926547488	 0.3799550489942546	 0.6700365227607018	 0.8960372506633935	 0.2750532060448617	 0.48234629076851554	 0.8570726456565375	 0.19538180064311506	 0.5	 0.5382408205033551	 0.676544034741648
0.08310977251934704	 0.699729809281476	 0.8453205746900259	 0.9389193215744536	 0.9698390120310526	 0.9358678646301506	 0.043247170457956896	 0.12218098814631573	 0.8550331195685418	 0.41357909594091613	 0.7737358960852097	 0.7926492523040676	 0.3094221045728873	 0.6420398952534198	 0.13659691748752423	 0.025502607378944164	 0.7484582961048722	 0.4617591794966449	 0.5	 0.26085029043640506
0.7846083388207966	 0.1688878646481098	 0.18483301129205054	 0.3102936163970833	 0.46301720735800267	 0.1132285371405628	 0.7636427290489396	 0.9778389385577511	 0.7835917264813781	 0.3685288056846754	 0.20505438670084142	 0.9289366963828436	 0.23004097306870308	 0.6236320093138014	 0.7494945892324031	 0.6763367822649913	 0.8477273316839359	 0.32345596525835196	 0.7391497095635949	 0.5

