18
5
0.5	 0.8905468226813815	 0.3633811941031092	 0.028570389531446305	 0.006417480272844611
0.10945317731861848	 0.5	 0.5250283486606179	 0.8283307559753235	 0.6868932480078411
0.6366188058968908	 0.47497165133938213	 0.5	 0.5321138471096729	 0.5910765883815684
0.9714296104685537	 0.17166924402467654	 0.4678861528903271	 0.5	 0.1734884074027503
0.9935825197271554	 0.31310675199215887	 0.4089234116184316	 0.8265115925972497	 0.5

0.5	 0.2013976804229659	 0.8735431693312582	 0.3275015266417596	 0.7952313801828078
0.7986023195770341	 0.5	 0.8501403686562847	 0.6795378341737395	 0.34374627982879546
0.1264568306687418	 0.14985963134371527	 0.5	 0.4457560481639177	 0.9056258954584988
0.6724984733582404	 0.3204621658262605	 0.5542439518360823	 0.5	 0.4016047855347642
0.2047686198171922	 0.6562537201712045	 0.09437410454150119	 0.5983952144652358	 0.5

0.5	 0.5234213852167999	 0.04812744930829915	 0.3471750740669818	 0.39809513312557654
0.47657861478320007	 0.5	 0.1702717428717161	 0.2787897178797216	 0.09488139723488864
0.9518725506917008	 0.8297282571282839	 0.5	 0.40188731779696263	 0.988163752697739
0.6528249259330182	 0.7212102821202784	 0.5981126822030374	 0.5	 0.8723385074851792
0.6019048668744235	 0.9051186027651114	 0.01183624730226096	 0.12766149251482084	 0.5

0.5	 0.47077381745126023	 0.63893754775436	 0.5588891278507717	 0.5764142916568255
0.5292261825487398	 0.5	 0.16982309061259415	 0.0682157928984084	 0.6080104596135425
0.36106245224564004	 0.8301769093874058	 0.5	 0.6795833525395415	 0.4435759565424363
0.4411108721492283	 0.9317842071015916	 0.3204166474604585	 0.5	 0.4167981019475111
0.42358570834317455	 0.3919895403864575	 0.5564240434575637	 0.5832018980524889	 0.5

0.5	 0.5870104389979585	 0.7505938592555191	 0.44202821240737333	 0.8350241514606429
0.41298956100204154	 0.5	 0.6789776959115684	 0.12762280836048367	 0.5525853560779007
0.24940614074448086	 0.3210223040884316	 0.5	 0.3331003363301209	 0.3785830051878806
0.5579717875926267	 0.8723771916395163	 0.6668996636698791	 0.5	 0.47548906110430456
0.1649758485393571	 0.4474146439220993	 0.6214169948121194	 0.5245109388956954	 0.5

0.5	 0.7352997973967503	 0.8951437580805574	 0.03831483683566028	 0.09874880677283893
0.26470020260324967	 0.5	 0.8688901413038259	 0.23653577606311693	 0.13055491241550488
0.10485624191944265	 0.1311098586961741	 0.5	 0.9707391777277621	 0.032449322678598014
0.9616851631643397	 0.7634642239368831	 0.02926082227223792	 0.5	 0.3041213323434525
0.9012511932271611	 0.8694450875844951	 0.967550677321402	 0.6958786676565475	 0.5

0.5	 0.7285531290357602	 0.3783185237072402	 0.2519560517703743	 0.863445895669381
0.2714468709642398	 0.5	 0.22185315898860947	 0.7349168648552858	 0.18028651555424824
0.6216814762927598	 0.7781468410113905	 0.5	 0.34607651460899325	 0.9122397174064192
0.7480439482296257	 0.26508313514471415	 0.6539234853910068	 0.5	 0.33954587689164273
0.13655410433061899	 0.8197134844457518	 0.08776028259358082	 0.6604541231083573	 0.5

0.5	 0.7331097088263214	 0.6216374556603007	 0.5467189231315345	 0.4242768238266371
0.2668902911736786	 0.5	 0.5390823654509852	 0.400015415036881	 0.2080969545734973
0.3783625443396993	 0.4609176345490148	 0.5	 0.2196623686452358	 0.3877169497024442
0.4532810768684655	 0.599984584963119	 0.7803376313547642	 0.5	 0.5517438364495213
0.5757231761733629	 0.7919030454265027	 0.6122830502975558	 0.4482561635504787	 0.5

0.5	 0.8665186075461133	 0.21457959314409725	 0.2966949546628188	 0.6870003238213696
0.13348139245388668	 0.5	 0.6378662451691948	 0.8753355491923033	 0.664509776820231
0.7854204068559028	 0.36213375483080523	 0.5	 0.7873901376235797	 0.2048513252813422
0.7033050453371812	 0.12466445080769673	 0.21260986237642032	 0.5	 0.01691147302401952
0.31299967617863045	 0.33549022317976895	 0.7951486747186578	 0.9830885269759805	 0.5

0.5	 0.015581609959417708	 0.6955899886484701	 0.6151257501543012	 0.4946257946895869
0.9844183900405823	 0.5	 0.7250007386521217	 0.024032771341315873	 0.17081507339237723
0.3044100113515299	 0.27499926134787833	 0.5	 0.9526123500078688	 0.3170417932247256
0.38487424984569885	 0.9759672286586841	 0.04738764999213119	 0.5	 0.2715112033311988
0.5053742053104131	 0.8291849266076228	 0.6829582067752744	 0.7284887966688012	 0.5

0.5	 0.8255901859214243	 0.5654348577171662	 0.06107949825872894	 0.7533691297794616
0.1744098140785757	 0.5	 0.21787312206140075	 0.9478859385592051	 0.9657590156326443
0.4345651422828338	 0.7821268779385993	 0.5	 0.13759579492886254	 0.772331663299001
0.9389205017412711	 0.05211406144079489	 0.8624042050711375	 0.5	 0.1435634931020181
0.24663087022053842	 0.034240984367355676	 0.22766833670099895	 0.8564365068979819	 0.5

0.5	 0.29034579857954357	 0.5493835733905017	 0.00540170539735374	 0.6941345404373813
0.7096542014204564	 0.5	 0.15501466811442333	 0.28522132456875027	 0.31747369184336316
0.4506164266094983	 0.8449853318855767	 0.5	 0.8177575006102984	 0.7289497178354687
0.9945982946026463	 0.7147786754312497	 0.1822424993897016	 0.5	 0.43313800368205335
0.3058654595626187	 0.6825263081566368	 0.2710502821645313	 0.5668619963179466	 0.5

0.5	 0.19835987060600457	 0.1085063013857982	 0.8108205509398848	 0.2551401174264596
0.8016401293939954	 0.5	 0.5772152120251943	 0.05240245080505068	 0.5348620192134241
0.8914936986142018	 0.4227847879748057	 0.5	 0.20509025373654832	 0.07711987177318824
0.1891794490601152	 0.9475975491949493	 0.7949097462634517	 0.5	 0.6413058890943025
0.7448598825735404	 0.46513798078657587	 0.9228801282268118	 0.35869411090569747	 0.5

0.5	 0.274442123145502	 0.022204767777984857	 0.03931388189037843	 0.4131262841574558
0.725557876854498	 0.5	 0.9956317927846042	 0.14450188720422774	 0.7674510908850177
0.9777952322220151	 0.00436820721539577	 0.5	 0.8726530089826587	 0.11525449329676674
0.9606861181096216	 0.8554981127957723	 0.12734699101734126	 0.5	 0.5836971847148568
0.5868737158425442	 0.23254890911498227	 0.8847455067032333	 0.41630281528514324	 0.5

0.5	 0.005127326975171931	 0.4371898579364073	 0.27963154182206085	 0.3905709175064598
0.9948726730248281	 0.5	 0.7377484822959471	 0.4316559621996654	 0.726553667798841
0.5628101420635927	 0.26225151770405286	 0.5	 0.5184720596415584	 0.0035262518743834903
0.7203684581779392	 0.5683440378003346	 0.4815279403584416	 0.5	 0.4814238325090512
0.6094290824935402	 0.273446332201159	 0.9964737481256165	 0.5185761674909488	 0.5

0.5	 0.2730291154220217	 0.06663630403261855	 0.9836024711529715	 0.23378085578222452
0.7269708845779783	 0.5	 0.5345803151931533	 0.8328678752891764	 0.6608822293394827
0.9333636959673814	 0.4654196848068467	 0.5	 0.2463043153280461	 0.2492899509728692
0.016397528847028497	 0.16713212471082362	 0.7536956846719539	 0.5	 0.9288782886263284
0.7662191442177755	 0.3391177706605173	 0.7507100490271308	 0.07112171137367163	 0.5

0.5	 0.7621771806766551	 0.7972929101287324	 0.7206643921486712	 0.6323697591715404
0.23782281932334493	 0.5	 0.3372376767116758	 0.23046121842143974	 0.5078795100397365
0.20270708987126762	 0.6627623232883242	 0.5	 0.8321321206097916	 0.3619509192226942
0.2793356078513288	 0.7695387815785603	 0.16786787939020842	 0.5	 0.8451867206210598
0.36763024082845963	 0.4921204899602635	 0.6380490807773058	 0.15481327937894018	 0.5

0.5	 0.42246503815488623	 0.25670886128732984	 0.38750843196407414	 0.3942880747575306
0.5775349618451138	 0.5	 0.22623518369024598	 0.6913055269313226	 0.9399854245926647
0.7432911387126702	 0.773764816309754	 0.5	 0.5184123993693953	 0.4720271560839009
0.6124915680359259	 0.30869447306867737	 0.4815876006306047	 0.5	 0.4626282762556565
0.6057119252424694	 0.06001457540733535	 0.5279728439160991	 0.5373717237443435	 0.5

