14
15
0.5	 0.47685864184477944	 0.0025377185946728886	 0.007896119246420197	 0.6133478665778597	 0.5059449439325217	 0.17363895888805103	 0.5605948881862649	 0.12108398388277508	 0.7517147477379159	 0.12593727280564004	 0.02499630663852126	 0.5467667301522593	 0.45843559555649627	 0.327320296479794
0.5231413581552206	 0.5	 0.9956027587895787	 0.47925095786161376	 0.33550888793568434	 0.4893674387794017	 0.027036066564689043	 0.9814448581611244	 0.8098580522484733	 0.8695859792391947	 0.28077048544832706	 0.8214559094315032	 0.2172216047104184	 0.75483873037187	 0.04706518039954233
0.9974622814053271	 0.004397241210421288	 0.5	 0.10991907081151664	 0.46924679734667907	 0.9531418537574345	 0.5740111707770429	 0.39773692659650617	 0.7186308044519902	 0.08292633636539959	 0.13658474430974865	 0.3910007835084013	 0.8111589425001686	 0.9420198057938317	 0.5608258171560461
0.9921038807535798	 0.5207490421383862	 0.8900809291884834	 0.5	 0.573650339539904	 0.8613398655886412	 0.26302005385910554	 0.4817360325180098	 0.19346903009854566	 0.11743987984711535	 0.717395373648735	 0.458218199766515	 0.26330087539255576	 0.3920701204144168	 0.11756104116953525
0.38665213342214033	 0.6644911120643157	 0.5307532026533209	 0.42634966046009604	 0.5	 0.694355279234867	 0.45691416703185617	 0.7260813931983545	 0.3843451993230286	 0.5235534551476905	 0.03772567471074151	 0.6263736845114402	 0.996671654968235	 5.504172078176772E-4	 0.2486389823087215
0.49405505606747835	 0.5106325612205983	 0.04685814624256546	 0.13866013441135883	 0.30564472076513305	 0.5	 0.17232831553576655	 0.32095087462607164	 0.9160169540795676	 0.9125388134383122	 0.520922834697965	 0.42958477421848873	 0.2994558890683303	 0.3455229980340655	 0.8571898089592178
0.826361041111949	 0.972963933435311	 0.4259888292229571	 0.7369799461408945	 0.5430858329681438	 0.8276716844642334	 0.5	 0.761155042764615	 0.008329405470958728	 0.06874211358591464	 0.6345324679839859	 0.24927836154770722	 0.3148221729232771	 0.21975645947867728	 0.02851189828403
0.4394051118137351	 0.018555141838875633	 0.6022630734034938	 0.5182639674819902	 0.2739186068016455	 0.6790491253739284	 0.238844957235385	 0.5	 0.3527763349262618	 0.4963744992859621	 0.010608804445731645	 0.8880716114973521	 0.7567221340043232	 0.3120957881940851	 0.05735022415161606
0.8789160161172249	 0.1901419477515267	 0.28136919554800977	 0.8065309699014543	 0.6156548006769714	 0.08398304592043238	 0.9916705945290413	 0.6472236650737382	 0.5	 0.10976716305934164	 0.3820891439510474	 0.9043956386857456	 0.9145461528506305	 0.28342029979532235	 0.7411421757920582
0.2482852522620841	 0.13041402076080533	 0.9170736636346004	 0.8825601201528847	 0.47644654485230953	 0.08746118656168778	 0.9312578864140854	 0.5036255007140379	 0.8902328369406584	 0.5	 0.10364641569954325	 0.6883276936069717	 0.6617178839332055	 0.6063745836367042	 0.333417406317009
0.87406272719436	 0.7192295145516729	 0.8634152556902513	 0.28260462635126504	 0.9622743252892585	 0.47907716530203504	 0.3654675320160141	 0.9893911955542684	 0.6179108560489526	 0.8963535843004568	 0.5	 0.17284342313048284	 0.9916283334168894	 0.4227098210380319	 0.3147973226686599
0.9750036933614787	 0.17854409056849685	 0.6089992164915987	 0.541781800233485	 0.37362631548855985	 0.5704152257815113	 0.7507216384522928	 0.11192838850264786	 0.09560436131425443	 0.31167230639302834	 0.8271565768695172	 0.5	 0.5575052473579368	 0.5121092261376198	 0.8858490306519586
0.4532332698477407	 0.7827783952895816	 0.18884105749983138	 0.7366991246074442	 0.0033283450317650454	 0.7005441109316697	 0.6851778270767229	 0.2432778659956768	 0.08545384714936954	 0.3382821160667945	 0.008371666583110615	 0.44249475264206317	 0.5	 0.5505488141129331	 0.3862112033181655
0.5415644044435037	 0.24516126962813	 0.05798019420616829	 0.6079298795855832	 0.9994495827921823	 0.6544770019659345	 0.7802435405213227	 0.6879042118059149	 0.7165797002046776	 0.39362541636329584	 0.5772901789619681	 0.4878907738623802	 0.4494511858870669	 0.5	 0.47043164649494906
0.672679703520206	 0.9529348196004577	 0.43917418284395393	 0.8824389588304647	 0.7513610176912785	 0.1428101910407822	 0.97148810171597	 0.9426497758483839	 0.2588578242079418	 0.666582593682991	 0.6852026773313401	 0.11415096934804136	 0.6137887966818345	 0.5295683535050509	 0.5

0.5	 0.7740057917253828	 0.24941782721119865	 0.1562123632264113	 0.293828519009638	 0.3150838889265064	 0.40708584398914316	 0.2794823554274076	 0.7259790422701052	 0.5743901532754246	 0.42921975336677	 0.9142300199723113	 0.9412791607202425	 0.543825674420543	 0.6918583108259416
0.22599420827461725	 0.5	 0.6862315709950197	 0.7756217073639584	 0.03511904977292024	 0.9484712832869269	 0.47159745363868744	 0.8364923792674185	 0.3953742158534582	 0.9524261737403336	 0.45774531414361797	 0.6834050844242178	 0.5544063366701019	 0.29464274098895427	 0.6804633839890543
0.7505821727888013	 0.31376842900498025	 0.5	 0.7893361312003443	 0.4349021678735492	 0.16838032520383572	 0.3693702219537359	 0.8784034401872712	 0.0542927135178799	 0.5475162316107953	 0.24755315906479858	 0.1500742362173887	 0.22632789184762847	 0.5703382443616193	 0.5258948951921814
0.8437876367735887	 0.2243782926360416	 0.2106638687996557	 0.5	 0.8464754789495023	 0.6306939865406419	 0.7577876708690873	 0.7085730438245841	 0.5969192212151284	 0.16061686211101578	 0.06325416363133418	 0.4834458264082445	 0.9825446304783176	 0.8812447484222521	 0.650436817496198
0.706171480990362	 0.9648809502270798	 0.5650978321264508	 0.15352452105049774	 0.5	 0.9095115759956234	 0.8040172457216078	 0.6357066657969905	 0.7264506607511831	 0.8333582237610517	 0.6065152278108774	 0.32109367623419327	 0.7192717112185395	 0.9674940308115991	 0.11877152338331287
0.6849161110734936	 0.05152871671307313	 0.8316196747961643	 0.3693060134593581	 0.09048842400437662	 0.5	 0.12321173198406765	 0.5817774176004982	 0.34567821369974805	 0.3967297025221994	 0.5468068011736954	 0.02905371394747336	 0.9338464870721401	 0.6274102555692721	 0.9070640935375208
0.5929141560108568	 0.5284025463613126	 0.6306297780462641	 0.24221232913091273	 0.19598275427839218	 0.8767882680159323	 0.5	 0.07130397862612603	 0.019952730529543494	 0.7448737765135919	 0.05853488398756579	 0.2916091618643142	 0.6320254989457321	 0.2377054247065299	 0.5292464589445466
0.7205176445725924	 0.16350762073258152	 0.12159655981272877	 0.2914269561754159	 0.36429333420300947	 0.41822258239950183	 0.928696021373874	 0.5	 0.9359522129449727	 0.6409631811045379	 0.7862355453128903	 0.9006012124966646	 0.03233439976545127	 0.393069873401552	 0.6577488582911759
0.27402095772989477	 0.6046257841465418	 0.9457072864821201	 0.4030807787848716	 0.27354933924881686	 0.654321786300252	 0.9800472694704565	 0.06404778705502734	 0.5	 0.22777387516775283	 0.4364750223833713	 0.6870591703286153	 0.10922497745203519	 0.5306661115589327	 0.9134997657648398
0.42560984672457536	 0.04757382625966644	 0.4524837683892047	 0.8393831378889842	 0.16664177623894827	 0.6032702974778006	 0.2551262234864081	 0.35903681889546213	 0.7722261248322472	 0.5	 0.6612304906368778	 0.3996915014072444	 0.9020801172553327	 0.10818760302065111	 0.688748740783772
0.57078024663323	 0.542254685856382	 0.7524468409352014	 0.9367458363686658	 0.3934847721891226	 0.4531931988263046	 0.9414651160124342	 0.2137644546871097	 0.5635249776166287	 0.3387695093631222	 0.5	 0.3980596727594029	 0.5776242360167538	 0.530759528687879	 0.6924348089465939
0.08576998002768865	 0.31659491557578223	 0.8499257637826113	 0.5165541735917555	 0.6789063237658067	 0.9709462860525266	 0.7083908381356858	 0.09939878750333542	 0.3129408296713847	 0.6003084985927556	 0.6019403272405971	 0.5	 0.18735249496218076	 0.3909649441715759	 0.49085728840751053
0.058720839279757464	 0.44559366332989814	 0.7736721081523715	 0.017455369521682362	 0.2807282887814605	 0.06615351292785987	 0.3679745010542679	 0.9676656002345487	 0.8907750225479648	 0.09791988274466734	 0.42237576398324617	 0.8126475050378192	 0.5	 0.38520098748407794	 0.5125235605946173
0.45617432557945703	 0.7053572590110457	 0.4296617556383807	 0.11875525157774791	 0.032505969188400874	 0.3725897444307279	 0.7622945752934701	 0.606930126598448	 0.46933388844106727	 0.8918123969793489	 0.469240471312121	 0.6090350558284241	 0.6147990125159221	 0.5	 0.39839122753920286
0.3081416891740584	 0.31953661601094574	 0.47410510480781864	 0.34956318250380203	 0.8812284766166871	 0.09293590646247918	 0.4707535410554534	 0.3422511417088241	 0.08650023423516018	 0.311251259216228	 0.3075651910534061	 0.5091427115924895	 0.48747643940538266	 0.6016087724607971	 0.5

0.5	 0.08090824373988115	 0.07593158624366325	 0.8001070933797076	 0.590669303144432	 0.7532009806837018	 0.6161466687544119	 0.8943604367343682	 0.10390259029494764	 0.08707748310619712	 0.015623470436900155	 0.35054149738128826	 0.5143789779612786	 0.46204129204634636	 0.05939763967197309
0.9190917562601189	 0.5	 0.3366619430248584	 0.5854719451437155	 0.2881663254696404	 0.1330531725374018	 0.22228144772081948	 0.9308123617799616	 0.9953761876917626	 0.34019218383538996	 0.8230712259442229	 0.4631719928445597	 0.4956404339678304	 0.9426519725219309	 0.7667465888969522
0.9240684137563367	 0.6633380569751416	 0.5	 0.29269653132658935	 0.1613307050044227	 0.36715225193061896	 0.39519465001544263	 0.5842840100743165	 0.9264568332925874	 0.6870941645990625	 0.9467235484801622	 0.9395691989035458	 0.46222949737354724	 0.18452252985879314	 0.3727121655317138
0.19989290662029235	 0.4145280548562845	 0.7073034686734107	 0.5	 0.4558877539532793	 0.5043725064929858	 0.32480102723282256	 0.03454040426214877	 0.7327589826130987	 0.31683432167341863	 0.23533954622055242	 0.6995314774136017	 0.7458390514244733	 0.9650250792465411	 0.5697519749005762
0.409330696855568	 0.7118336745303596	 0.8386692949955773	 0.5441122460467207	 0.5	 0.7087397615156733	 0.6889617218178159	 0.5414318366118779	 0.460111345354988	 0.9247689306956991	 0.5967965555227994	 0.7374415587675041	 0.11250912744070429	 0.08440651649854825	 0.8038194583295525
0.24679901931629822	 0.8669468274625982	 0.632847748069381	 0.4956274935070142	 0.2912602384843267	 0.5	 0.18742753941759538	 0.4849134793636455	 0.47871333220018397	 0.06970422383322761	 0.824631768798784	 0.40136138755928474	 0.4623066542816905	 0.5069077389685837	 0.08310249162585837
0.38385333124558807	 0.7777185522791805	 0.6048053499845574	 0.6751989727671774	 0.3110382781821841	 0.8125724605824046	 0.5	 0.40280779153105895	 0.15392884227298997	 0.283135482116064	 0.15592221688847585	 0.6124944784181543	 0.8319934178052745	 0.4395383293712213	 0.677188668884048
0.10563956326563184	 0.06918763822003837	 0.4157159899256835	 0.9654595957378512	 0.4585681633881221	 0.5150865206363545	 0.597192208468941	 0.5	 0.9024902586623222	 0.9516533722068222	 0.06490551663976529	 0.1336871471562221	 0.6880930989287936	 0.41403693547257236	 0.4967826594113628
0.8960974097050524	 0.004623812308237385	 0.07354316670741257	 0.2672410173869013	 0.539888654645012	 0.521286667799816	 0.84607115772701	 0.09750974133767776	 0.5	 0.03191968239409726	 0.7480740443742038	 0.7036485541715101	 0.1823578742661608	 0.3471328351253503	 0.5712814922122172
0.9129225168938029	 0.65980781616461	 0.3129058354009375	 0.6831656783265814	 0.0752310693043009	 0.9302957761667724	 0.716864517883936	 0.04834662779317778	 0.9680803176059027	 0.5	 0.7765336516361017	 0.32512306776256994	 0.06321258025322973	 0.8639140234097307	 0.1296577416276672
0.9843765295630998	 0.17692877405577712	 0.05327645151983784	 0.7646604537794476	 0.4032034444772006	 0.17536823120121603	 0.8440777831115241	 0.9350944833602347	 0.2519259556257962	 0.22346634836389834	 0.5	 0.4677316126628782	 0.6757911700208592	 0.01680845818944332	 0.3110518335501804
0.6494585026187117	 0.5368280071554403	 0.060430801096454156	 0.30046852258639833	 0.26255844123249594	 0.5986386124407153	 0.3875055215818457	 0.8663128528437779	 0.29635144582848993	 0.6748769322374301	 0.5322683873371218	 0.5	 0.7171375012422507	 0.37563746885969374	 0.5283791301784243
0.4856210220387214	 0.5043595660321696	 0.5377705026264528	 0.25416094857552674	 0.8874908725592957	 0.5376933457183095	 0.16800658219472553	 0.31190690107120644	 0.8176421257338392	 0.9367874197467703	 0.3242088299791408	 0.28286249875774927	 0.5	 0.24062793568079843	 0.4050153212488673
0.5379587079536536	 0.05734802747806911	 0.8154774701412069	 0.03497492075345887	 0.9155934835014518	 0.49309226103141635	 0.5604616706287787	 0.5859630645274276	 0.6528671648746497	 0.13608597659026933	 0.9831915418105567	 0.6243625311403063	 0.7593720643192016	 0.5	 0.25537909519925706
0.9406023603280269	 0.23325341110304776	 0.6272878344682862	 0.43024802509942384	 0.19618054167044752	 0.9168975083741416	 0.32281133111595195	 0.5032173405886372	 0.42871850778778275	 0.8703422583723328	 0.6889481664498196	 0.4716208698215757	 0.5949846787511327	 0.7446209048007429	 0.5

0.5	 0.3385549780921341	 0.5712858045466068	 0.613105130168427	 0.017998979974177876	 0.4668821138917296	 0.44180802793340945	 0.8840668181856611	 0.22057672572362075	 0.9946862010830675	 0.6131816101610408	 0.625395239689662	 0.34115123197658237	 0.9130988039408602	 0.10781370342804586
0.6614450219078659	 0.5	 0.5969428556822174	 0.940533905697774	 0.562719524721761	 0.6845420416120426	 0.5973556389078698	 0.33756215512580223	 0.593521449013441	 0.4243857459223309	 0.4272656373148148	 0.9542749500726151	 0.7948328700347246	 0.0693143838665694	 0.6464638062254859
0.4287141954533932	 0.4030571443177826	 0.5	 0.6193829467978471	 0.781143438449644	 0.13323103675531	 0.2812120725192896	 0.9922956867881119	 0.9618660651108915	 0.7545601465072481	 0.9083607060570918	 0.17328784133757824	 0.5718179790552333	 0.3662763457552858	 0.21969494965438097
0.38689486983157295	 0.05946609430222605	 0.3806170532021529	 0.5	 0.12495709169810698	 0.7940683369706792	 0.5219057748459557	 0.2529429924980374	 0.7459465921345059	 0.16793140170818055	 0.6349766744817066	 0.96513495833764	 0.3099754032097908	 0.5422678477537807	 0.964591447587453
0.9820010200258221	 0.437280475278239	 0.21885656155035604	 0.875042908301893	 0.5	 0.7195101853103457	 0.5115400450774971	 0.80788945419562	 0.9112374316524838	 0.5589285631459558	 0.5442213575251846	 0.5227449215616472	 0.574649356387601	 0.8467484580426016	 0.47835070630372545
0.5331178861082704	 0.3154579583879574	 0.86676896324469	 0.20593166302932076	 0.2804898146896543	 0.5	 0.32969781124723896	 0.5694814505337246	 0.9703928935228902	 0.7018597489080375	 0.7590901351787601	 0.29474250874811103	 0.3233319814712474	 0.3414591230977184	 0.6069180066541642
0.5581919720665905	 0.4026443610921302	 0.7187879274807104	 0.4780942251540443	 0.48845995492250294	 0.670302188752761	 0.5	 0.20939259195104953	 0.7079688929661088	 0.39086043371785817	 0.5843285688313651	 0.17919556135106585	 0.6349232312119899	 0.7385775412715793	 0.34528027920976156
0.11593318181433887	 0.6624378448741978	 0.007704313211888136	 0.7470570075019626	 0.19211054580438003	 0.43051854946627544	 0.7906074080489505	 0.5	 0.6288665031152258	 0.7334641531074242	 0.40991240731758116	 0.3165913827571847	 0.0587487327257451	 0.6333535081625417	 0.11605191865256104
0.7794232742763793	 0.40647855098655905	 0.038133934889108545	 0.25405340786549413	 0.08876256834751617	 0.029607106477109846	 0.29203110703389124	 0.37113349688477415	 0.5	 0.9782342318876076	 0.46670044728463944	 0.2301163553837703	 0.637771737320462	 0.37161597849188055	 0.3535660564818316
0.005313798916932511	 0.5756142540776691	 0.24543985349275188	 0.8320685982918195	 0.44107143685404415	 0.2981402510919625	 0.6091395662821418	 0.2665358468925758	 0.021765768112392392	 0.5	 0.2037648794597312	 0.6620638250642941	 0.6497188332459495	 0.28455296072185154	 0.025258932176138726
0.3868183898389592	 0.5727343626851852	 0.09163929394290815	 0.3650233255182934	 0.45577864247481537	 0.24090986482123988	 0.4156714311686349	 0.5900875926824188	 0.5332995527153606	 0.7962351205402688	 0.5	 0.4370749897332794	 0.4253560671079726	 0.4290294039811423	 0.45549464705116927
0.37460476031033796	 0.04572504992738491	 0.8267121586624218	 0.03486504166236004	 0.4772550784383528	 0.705257491251889	 0.8208044386489342	 0.6834086172428153	 0.7698836446162297	 0.33793617493570594	 0.5629250102667206	 0.5	 0.014063092361007001	 0.5224328020349462	 0.10770485708599253
0.6588487680234176	 0.20516712996527542	 0.42818202094476665	 0.6900245967902092	 0.42535064361239905	 0.6766680185287526	 0.3650767687880101	 0.9412512672742549	 0.362228262679538	 0.3502811667540505	 0.5746439328920274	 0.985936907638993	 0.5	 0.718369937170023	 0.9046491773306015
0.08690119605913982	 0.9306856161334306	 0.6337236542447142	 0.4577321522462193	 0.15325154195739843	 0.6585408769022816	 0.26142245872842074	 0.36664649183745834	 0.6283840215081195	 0.7154470392781485	 0.5709705960188577	 0.47756719796505376	 0.28163006282997705	 0.5	 0.4899828511579236
0.8921862965719541	 0.35353619377451406	 0.780305050345619	 0.035408552412547034	 0.5216492936962746	 0.3930819933458358	 0.6547197207902384	 0.883948081347439	 0.6464339435181684	 0.9747410678238613	 0.5445053529488307	 0.8922951429140075	 0.09535082266939854	 0.5100171488420764	 0.5

0.5	 0.7865321665678379	 0.7873734538706875	 0.19121123567219922	 0.3662006278466231	 0.2243818364967256	 0.3872254123332346	 0.7090690055585076	 0.07084544162122464	 0.6737401688414087	 0.5950864242498237	 0.7797910839967441	 0.5074737137622398	 0.9807000778508146	 0.6271721939385382
0.21346783343216214	 0.5	 0.5901239994125613	 0.37003298352484215	 0.7402895107358894	 0.3049520498303049	 0.13043384148414527	 0.2854416435781585	 0.06124372009443613	 0.8605793902485505	 0.8543342121578046	 0.4101956315173604	 0.7105237590193886	 0.766576891068473	 0.9773536934687858
0.21262654612931253	 0.40987600058743867	 0.5	 0.06601580181281075	 0.30094234561146826	 0.44576414105098894	 0.6214595645291735	 0.583511610316046	 0.8424835415702852	 0.2262041642997743	 0.9351076285199869	 0.92225120881215	 0.4163807465341941	 0.445984550932782	 0.5225884963720319
0.8087887643278008	 0.6299670164751578	 0.9339841981871893	 0.5	 0.566291557406546	 0.9507424250187544	 0.18393811025036844	 0.0017929426845864072	 0.656137101947201	 0.07749334247972595	 0.6949465042754143	 0.2761199763768585	 0.31125847514128735	 0.8326238876533979	 0.262260061280576
0.6337993721533769	 0.25971048926411056	 0.6990576543885317	 0.433708442593454	 0.5	 0.15410302054764669	 0.6217179593710574	 0.5252180054272279	 0.8443053905077977	 0.2794316707023913	 0.8431114174824151	 0.44545605325388427	 0.589742098626351	 0.9443968713359161	 0.9159513763481847
0.7756181635032744	 0.6950479501696951	 0.5542358589490111	 0.04925757498124561	 0.8458969794523533	 0.5	 0.20776562398336373	 0.022068416678664327	 0.2513903689726871	 0.5487792115060635	 0.4325201995847039	 0.4538648651825068	 0.2599394815370447	 0.753709118487214	 0.15816165360171597
0.6127745876667654	 0.8695661585158547	 0.3785404354708265	 0.8160618897496316	 0.37828204062894255	 0.7922343760166363	 0.5	 0.9808042908216891	 0.2108609486727797	 0.903770204585662	 0.8453494017371415	 0.2268454027421407	 0.6544684399074367	 0.09332723289886258	 0.08571584344257022
0.2909309944414924	 0.7145583564218415	 0.41648838968395396	 0.9982070573154136	 0.47478199457277215	 0.9779315833213357	 0.019195709178310927	 0.5	 0.8645660649340494	 0.3263700434836203	 0.8260245534379104	 0.16003343581327778	 0.8183817804016623	 0.9122437994841918	 0.8291119960955813
0.9291545583787754	 0.9387562799055639	 0.15751645842971485	 0.343862898052799	 0.15569460949220226	 0.7486096310273129	 0.7891390513272203	 0.13543393506595058	 0.5	 0.40407655780216833	 0.9734337943817618	 0.42208085304317744	 0.09867523221363705	 0.9351864596013169	 0.15922024148483893
0.32625983115859125	 0.13942060975144954	 0.7737958357002257	 0.922506657520274	 0.7205683292976087	 0.45122078849393654	 0.09622979541433796	 0.6736299565163797	 0.5959234421978317	 0.5	 0.7547369081455003	 0.11720755730282428	 0.6685256518298217	 0.15458295901468944	 0.17523520752031363
0.4049135757501763	 0.14566578784219542	 0.06489237148001314	 0.30505349572458573	 0.15688858251758486	 0.5674798004152961	 0.15465059826285854	 0.17397544656208963	 0.026566205618238192	 0.24526309185449968	 0.5	 0.5531238809364051	 0.7092332753610853	 0.46945149413423193	 0.8501146433437234
0.22020891600325587	 0.5898043684826396	 0.07774879118785005	 0.7238800236231415	 0.5545439467461157	 0.5461351348174932	 0.7731545972578593	 0.8399665641867222	 0.5779191469568226	 0.8827924426971757	 0.4468761190635949	 0.5	 0.6512316611177689	 0.1451704759241832	 0.6987850569354058
0.4925262862377602	 0.2894762409806114	 0.5836192534658059	 0.6887415248587127	 0.41025790137364904	 0.7400605184629553	 0.34553156009256325	 0.18161821959833768	 0.901324767786363	 0.3314743481701783	 0.29076672463891473	 0.34876833888223113	 0.5	 0.29021913822380263	 0.9538379471425611
0.01929992214918541	 0.23342310893152696	 0.554015449067218	 0.1673761123466021	 0.0556031286640839	 0.246290881512786	 0.9066727671011374	 0.08775620051580824	 0.06481354039868314	 0.8454170409853106	 0.5305485058657681	 0.8548295240758168	 0.7097808617761974	 0.5	 0.9846709968428031
0.3728278060614618	 0.022646306531214244	 0.47741150362796814	 0.737739938719424	 0.08404862365181531	 0.841838346398284	 0.9142841565574298	 0.17088800390441872	 0.8407797585151611	 0.8247647924796864	 0.14988535665627656	 0.3012149430645942	 0.04616205285743891	 0.015329003157196874	 0.5

0.5	 0.34755542059475264	 0.13056527958323527	 0.39173698474939445	 0.11582584675252727	 0.21708182392338804	 0.30765893892721696	 0.863852184589352	 0.05984440325286666	 0.20245693952323907	 0.7268476110201887	 0.9213997529482386	 0.13752647189975908	 0.09503334105002137	 0.22101522048171363
0.6524445794052474	 0.5	 0.021268697210797383	 0.5307826512828043	 0.9130222861832532	 0.949594247042389	 0.41721849511145226	 0.29797660831291095	 0.18585505940391633	 0.6588584803807225	 0.7773686929578189	 0.42154322143070666	 0.7938162635871936	 0.7423683444068442	 0.2088437258301572
0.8694347204167647	 0.9787313027892026	 0.5	 0.9237800314601882	 0.48981098191868855	 0.18765936120736737	 0.11965702791437649	 0.22528106505103318	 0.06313481842397184	 0.4610836505275736	 0.2590512661433063	 0.0894274664916257	 0.3443742425770291	 0.004785497285717977	 0.09489485832254185
0.6082630152506056	 0.46921734871719567	 0.07621996853981183	 0.5	 0.8215443426477839	 0.8960723099594903	 0.2981120316608542	 0.4103673228859881	 0.8727790594881265	 0.28555225812235796	 0.3703300266537839	 0.6320488222690797	 0.636450796229922	 0.29430010026563114	 0.24234085917878212
0.8841741532474727	 0.0869777138167468	 0.5101890180813115	 0.17845565735221613	 0.5	 0.937662535406887	 0.01856726599743541	 0.2825641043607138	 0.02215540361470525	 0.6341004091182427	 0.3143995572261781	 0.19833793050581916	 0.28221108768816594	 0.6449968203927287	 0.02945069352216112
0.782918176076612	 0.05040575295761096	 0.8123406387926326	 0.10392769004050972	 0.06233746459311296	 0.5	 0.39665110680642446	 0.9061838392241182	 0.2019963360122975	 0.5458501354810513	 0.5180990450910281	 0.8087677416455714	 0.9949955975652953	 0.9541505708385065	 0.16480201167943132
0.692341061072783	 0.5827815048885477	 0.8803429720856235	 0.7018879683391458	 0.9814327340025646	 0.6033488931935755	 0.5	 0.8039655517853563	 0.10402124622490605	 0.9456992060908671	 0.0074907295999679935	 0.4257537857865622	 0.009039368549875415	 0.3922010886159759	 0.2591739579758091
0.13614781541064802	 0.702023391687089	 0.7747189349489668	 0.5896326771140119	 0.7174358956392862	 0.09381616077588184	 0.19603444821464366	 0.5	 0.6895560280505996	 0.8538741819882327	 0.12678708116273762	 0.1588510082104877	 0.623778686238025	 0.9265471944278266	 0.48484462111504556
0.9401555967471333	 0.8141449405960837	 0.9368651815760282	 0.1272209405118735	 0.9778445963852948	 0.7980036639877025	 0.895978753775094	 0.31044397194940043	 0.5	 0.22299044525599987	 0.89773373796995	 0.010729706994646482	 0.3630646397174757	 0.5430032931957989	 0.02559303251239642
0.7975430604767609	 0.3411415196192775	 0.5389163494724264	 0.714447741877642	 0.3658995908817573	 0.4541498645189487	 0.054300793909132894	 0.14612581801176727	 0.7770095547440001	 0.5	 0.8616359474145694	 0.9116032298952605	 0.33369779354378615	 0.435589421730161	 0.5645652727549184
0.2731523889798113	 0.22263130704218115	 0.7409487338566937	 0.6296699733462161	 0.6856004427738219	 0.4819009549089719	 0.992509270400032	 0.8732129188372624	 0.10226626203004996	 0.1383640525854306	 0.5	 0.4869522526420236	 0.2707097396831365	 0.15950017707538888	 0.9454361131436888
0.07860024705176138	 0.5784567785692933	 0.9105725335083743	 0.36795117773092034	 0.8016620694941808	 0.19123225835442859	 0.5742462142134378	 0.8411489917895123	 0.9892702930053535	 0.08839677010473945	 0.5130477473579764	 0.5	 0.1620578392903519	 0.8941608503962661	 0.01951805664887074
0.8624735281002409	 0.2061837364128064	 0.6556257574229709	 0.36354920377007804	 0.7177889123118341	 0.00500440243470468	 0.9909606314501246	 0.376221313761975	 0.6369353602825243	 0.6663022064562139	 0.7292902603168635	 0.8379421607096481	 0.5	 0.5200359796852674	 0.9154218707932155
0.9049666589499786	 0.2576316555931558	 0.995214502714282	 0.7056998997343689	 0.35500317960727135	 0.04584942916149348	 0.6077989113840241	 0.07345280557217337	 0.4569967068042011	 0.564410578269839	 0.8404998229246111	 0.10583914960373386	 0.4799640203147326	 0.5	 0.5013048672604639
0.7789847795182864	 0.7911562741698428	 0.9051051416774581	 0.7576591408212179	 0.9705493064778389	 0.8351979883205687	 0.7408260420241909	 0.5151553788849544	 0.9744069674876036	 0.4354347272450816	 0.054563886856311195	 0.9804819433511293	 0.08457812920678454	 0.49869513273953614	 0.5

0.5	 0.45467020513150613	 0.451299494494664	 0.205745252709019	 0.9820555886499934	 0.5814509312729548	 0.4571658170293129	 0.31874801314142354	 0.5601417020697276	 0.8622544616989072	 0.5508693171852432	 0.01253508851278784	 0.08902561891398153	 0.07077842433287151	 0.5220169149215952
0.5453297948684939	 0.5	 0.27903932197334846	 0.9503158179812505	 0.8705509146563651	 0.7205698181818102	 0.4760086435708458	 0.6786528182165035	 0.6208084954177503	 0.4090903180695883	 0.2522044024513479	 0.3028023568256226	 0.5770894251873078	 0.03128761873689845	 0.4090783092032718
0.548700505505336	 0.7209606780266515	 0.5	 0.402256862666692	 0.9218754701303261	 0.5599785919590042	 0.40428086177915123	 0.6445127510753899	 0.795967121297088	 0.7994947812480387	 0.4533303758661831	 0.42072964340260943	 0.5178786217427522	 0.7607294783074954	 0.21799875030059657
0.794254747290981	 0.04968418201874947	 0.597743137333308	 0.5	 0.08126697257727888	 0.4763903972517852	 0.0014341714160944763	 0.8834463800163067	 0.1876323977644404	 0.7604991737982523	 0.13003648831189352	 0.0208651516606172	 0.1436654786039836	 0.451355858282396	 0.5081668725117652
0.017944411350006573	 0.12944908534363486	 0.07812452986967389	 0.9187330274227211	 0.5	 0.008365280003574616	 0.5463190631820315	 0.6423845938471309	 0.5552445290269687	 0.940067942740945	 0.605190226136215	 0.6766268547949016	 0.9578876035524114	 0.8918426181505196	 0.01999129614548234
0.4185490687270452	 0.2794301818181898	 0.44002140804099577	 0.5236096027482148	 0.9916347199964254	 0.5	 0.7944562805278922	 0.5175766581015357	 0.13185435340073437	 0.7764406977952638	 0.37016167290670254	 0.33191435023638516	 0.36506277029790113	 0.4235923457886428	 0.18249715226085772
0.5428341829706871	 0.5239913564291542	 0.5957191382208488	 0.9985658285839055	 0.4536809368179685	 0.2055437194721078	 0.5	 0.4979883340439323	 0.38304116677165834	 0.5294117359378037	 0.7121495114598488	 0.5507587639340475	 0.5539608795595968	 0.1764452468059633	 0.2881752770179339
0.6812519868585765	 0.3213471817834965	 0.35548724892461014	 0.11655361998369329	 0.35761540615286913	 0.48242334189846425	 0.5020116659560677	 0.5	 0.405055324297921	 0.43231222739058117	 0.5557189569698324	 0.015810677410002416	 0.6566832321088514	 0.39391028499354097	 0.9445419177355245
0.4398582979302724	 0.3791915045822497	 0.20403287870291198	 0.8123676022355596	 0.44475547097303125	 0.8681456465992656	 0.6169588332283417	 0.594944675702079	 0.5	 0.8096597459621195	 0.716301541443491	 0.6089600159629734	 0.6126780581037392	 0.5291173160060769	 0.3991510190054802
0.13774553830109282	 0.5909096819304117	 0.20050521875196126	 0.23950082620174773	 0.05993205725905504	 0.2235593022047362	 0.47058826406219634	 0.5676877726094188	 0.19034025403788046	 0.5	 0.8544320940858122	 0.49138960535475107	 0.166985057080272	 0.2743731560681286	 0.6367272039093356
0.44913068281475677	 0.7477955975486521	 0.5466696241338169	 0.8699635116881065	 0.394809773863785	 0.6298383270932975	 0.28785048854015116	 0.4442810430301676	 0.283698458556509	 0.14556790591418778	 0.5	 0.7611447348391318	 0.27759053396478595	 0.2895757748591917	 0.8465829407226513
0.9874649114872122	 0.6971976431743774	 0.5792703565973906	 0.9791348483393828	 0.3233731452050984	 0.6680856497636148	 0.44924123606595245	 0.9841893225899976	 0.39103998403702656	 0.5086103946452489	 0.2388552651608682	 0.5	 0.8663203746025449	 0.3473203531637521	 0.9294649809515474
0.9109743810860185	 0.42291057481269223	 0.48212137825724777	 0.8563345213960164	 0.042112396447588574	 0.6349372297020989	 0.44603912044040317	 0.3433167678911486	 0.3873219418962608	 0.833014942919728	 0.722409466035214	 0.13367962539745515	 0.5	 0.7004046112116664	 0.8490207092781259
0.9292215756671285	 0.9687123812631016	 0.23927052169250462	 0.548644141717604	 0.10815738184948043	 0.5764076542113572	 0.8235547531940367	 0.606089715006459	 0.4708826839939231	 0.7256268439318714	 0.7104242251408083	 0.6526796468362479	 0.2995953887883336	 0.5	 0.6083307163427819
0.4779830850784048	 0.5909216907967282	 0.7820012496994034	 0.4918331274882348	 0.9800087038545177	 0.8175028477391423	 0.7118247229820661	 0.05545808226447546	 0.6008489809945198	 0.36327279609066443	 0.15341705927734872	 0.07053501904845261	 0.1509792907218741	 0.3916692836572181	 0.5

0.5	 0.15116815025877461	 0.80368217349069	 0.9145130333756369	 0.9030918458612507	 0.2635087808110138	 0.2773784096816364	 0.4499150595485445	 0.47777944723456545	 0.7482463849146657	 0.44749432478128204	 0.737261904763678	 0.6042837189986143	 0.19883741920578502	 0.3400206547452318
0.8488318497412254	 0.5	 0.037108824043070365	 0.1376847501915388	 0.026908376950992796	 0.8473893770238935	 0.2287780869210373	 0.9841718928463926	 0.7467155618870078	 0.5014983986038009	 0.10838811847911778	 0.03639936245128239	 0.8855673226615213	 0.43615197020986807	 0.48034076005761484
0.19631782650930996	 0.9628911759569296	 0.5	 0.6743719118845527	 0.031225196801017097	 0.39881103193032763	 0.6592403130934348	 0.06724210686759846	 0.30952762774611653	 0.30533600675437833	 0.04706987092137982	 0.035815906015458254	 0.14895625626980025	 0.4964441423931386	 0.779552026321488
0.08548696662436306	 0.8623152498084612	 0.3256280881154473	 0.5	 0.29122632114220715	 0.5335910829934556	 0.5508924360375766	 0.04597238199960263	 0.4521496288846182	 0.07187782660049846	 0.2379359680321499	 0.5783460874066653	 0.3611024940543178	 0.11585702789772268	 0.95040104268192
0.09690815413874931	 0.9730916230490072	 0.9687748031989829	 0.7087736788577929	 0.5	 0.978659028968069	 0.8697723126830875	 0.8539811396892347	 0.7497510547211071	 0.007017012262367062	 0.44399719279617045	 0.7703724749662002	 0.9758125098114663	 0.6888876532087675	 0.6509261741274768
0.7364912191889862	 0.1526106229761065	 0.6011889680696724	 0.4664089170065444	 0.021340971031931	 0.5	 0.11435104394514573	 0.22636732376903124	 0.1162213816450891	 0.8340543654645036	 0.056288692740598334	 0.3956069428572594	 0.11508953756970064	 0.056241217945915745	 0.01932161250449571
0.7226215903183636	 0.7712219130789627	 0.3407596869065652	 0.44910756396242335	 0.13022768731691248	 0.8856489560548543	 0.5	 0.37548259552660623	 0.5315790673870517	 0.69648535980294	 0.2711803022454208	 0.9702751624075054	 0.7480348047367283	 0.9231419266967695	 0.23637284683106907
0.5500849404514555	 0.015828107153607385	 0.9327578931324015	 0.9540276180003974	 0.14601886031076527	 0.7736326762309688	 0.6245174044733938	 0.5	 0.5522472295361396	 0.18334195651680063	 0.6344339583120839	 0.14618327312750057	 0.9950290187218815	 0.9537932542370328	 0.3565221463501246
0.5222205527654346	 0.25328443811299217	 0.6904723722538835	 0.5478503711153818	 0.25024894527889285	 0.8837786183549109	 0.46842093261294826	 0.4477527704638604	 0.5	 0.582424096419819	 0.46142871102399186	 0.5751860072576244	 0.020062450447355662	 0.19060798595871364	 0.6936469693534529
0.25175361508533434	 0.49850160139619915	 0.6946639932456217	 0.9281221733995015	 0.9929829877376329	 0.16594563453549638	 0.30351464019706	 0.8166580434831994	 0.41757590358018104	 0.5	 0.5721469433132718	 0.4980940784560073	 0.3391807429180338	 0.5564146729107536	 0.1272832494793097
0.552505675218718	 0.8916118815208822	 0.9529301290786202	 0.7620640319678501	 0.5560028072038296	 0.9437113072594017	 0.7288196977545792	 0.36556604168791607	 0.5385712889760081	 0.42785305668672824	 0.5	 0.2812653027916796	 0.7836836501084545	 0.7173611501458013	 0.4506105673130426
0.26273809523632197	 0.9636006375487176	 0.9641840939845417	 0.42165391259333473	 0.2296275250337998	 0.6043930571427406	 0.029724837592494557	 0.8538167268724994	 0.42481399274237563	 0.5019059215439927	 0.7187346972083204	 0.5	 0.6908179938031613	 0.4581904473838344	 0.5139605929199997
0.3957162810013857	 0.11443267733847873	 0.8510437437301998	 0.6388975059456822	 0.024187490188533722	 0.8849104624302994	 0.25196519526327166	 0.004970981278118458	 0.9799375495526443	 0.6608192570819662	 0.21631634989154547	 0.30918200619683867	 0.5	 0.37880976475875827	 0.5854163510655009
0.801162580794215	 0.5638480297901319	 0.5035558576068614	 0.8841429721022773	 0.31111234679123245	 0.9437587820540843	 0.07685807330323047	 0.04620674576296724	 0.8093920140412864	 0.44358532708924636	 0.28263884985419874	 0.5418095526161656	 0.6211902352412417	 0.5	 0.3610903256142701
0.6599793452547682	 0.5196592399423852	 0.220447973678512	 0.04959895731807995	 0.3490738258725232	 0.9806783874955043	 0.7636271531689309	 0.6434778536498754	 0.30635303064654706	 0.8727167505206903	 0.5493894326869574	 0.48603940708000026	 0.41458364893449906	 0.6389096743857299	 0.5

0.5	 0.3425709599178316	 0.1248886517654969	 0.11814611558862842	 0.5715812922163259	 0.3434927097564814	 0.9959336606762934	 0.3830811568721332	 0.18453283764079442	 0.15749904810924653	 0.008062644395882779	 0.962024547550978	 0.33113014914147043	 0.42639673686385193	 0.30643258644871074
0.6574290400821684	 0.5	 0.5842856783564799	 0.6118482554911449	 0.18002560657834787	 0.08775259473111974	 0.418242723366818	 0.28249161384492005	 0.29756016625390136	 0.6565344271900325	 0.16669692146374937	 0.06103260256143739	 0.9197246897874887	 0.6656321715030691	 0.29235488178767866
0.8751113482345031	 0.41571432164352007	 0.5	 0.7253217008999645	 0.5338759514310927	 0.5494020118390213	 0.5763501342663628	 0.2604888761891494	 0.9861346507469912	 0.5416027835943856	 0.010566805140764801	 0.5892697527884456	 0.9882232145225857	 0.08519653917449554	 0.10363021935842742
0.8818538844113716	 0.38815174450885515	 0.2746782991000355	 0.5	 0.724154368305355	 0.7813934481430488	 0.8874975317653131	 0.04078009054687948	 0.5171702840558954	 0.49580524833531736	 0.35165766100790397	 0.7794442435109228	 0.05127574708065852	 0.4009431255686495	 0.6242641601585341
0.4284187077836741	 0.8199743934216521	 0.4661240485689073	 0.27584563169464504	 0.5	 0.08518191611498216	 0.11675300679394529	 0.6811343728177413	 0.03886599647176925	 0.7167674547590115	 0.14665544434542677	 0.5899592866028235	 0.306533249025547	 0.4545365626489687	 0.4472769929774526
0.6565072902435186	 0.9122474052688803	 0.45059798816097874	 0.21860655185695121	 0.9148180838850178	 0.5	 0.8383200750311965	 0.4070935383991574	 0.432719240683058	 0.5527753136249894	 0.8531619594529275	 0.7684779832503009	 0.2843346124008438	 0.05749552895552268	 0.10731658233910979
0.0040663393237065915	 0.581757276633182	 0.42364986573363717	 0.1125024682346869	 0.8832469932060547	 0.16167992496880346	 0.5	 0.9866491897528005	 0.936324839521462	 0.335204153204538	 0.0656639356755867	 0.03487161145369444	 0.5029565100889645	 0.14135780388838648	 0.41878623086377376
0.6169188431278668	 0.71750838615508	 0.7395111238108506	 0.9592199094531205	 0.31886562718225875	 0.5929064616008426	 0.01335081024719953	 0.5	 0.6386248687472885	 0.6171196923623068	 0.21269505161381141	 0.18251313315320083	 0.2512488781006028	 0.71200645986959	 0.627853518042738
0.8154671623592056	 0.7024398337460986	 0.013865349253008752	 0.4828297159441046	 0.9611340035282308	 0.567280759316942	 0.06367516047853805	 0.3613751312527115	 0.5	 0.9302347416660032	 0.8554488469282528	 0.21975195747928777	 0.8733790232864272	 0.8945849262806046	 0.6370778041633595
0.8425009518907535	 0.3434655728099675	 0.45839721640561437	 0.5041947516646826	 0.2832325452409885	 0.44722468637501056	 0.664795846795462	 0.3828803076376932	 0.06976525833399683	 0.5	 0.3889729635008077	 0.2714069923217437	 0.9260746549387041	 0.43015240705246705	 0.439740142114145
0.9919373556041172	 0.8333030785362506	 0.9894331948592352	 0.648342338992096	 0.8533445556545732	 0.1468380405470725	 0.9343360643244133	 0.7873049483861886	 0.14455115307174715	 0.6110270364991923	 0.5	 0.6684609588391737	 0.32848085197775667	 0.7158478975976829	 0.07237229376203391
0.03797545244902201	 0.9389673974385626	 0.4107302472115544	 0.22055575648907721	 0.4100407133971765	 0.23152201674969908	 0.9651283885463056	 0.8174868668467992	 0.7802480425207122	 0.7285930076782563	 0.33153904116082633	 0.5	 0.0592266637766532	 0.4042734742539097	 0.8732562391636287
0.6688698508585296	 0.08027531021251133	 0.011776785477414342	 0.9487242529193415	 0.693466750974453	 0.7156653875991562	 0.49704348991103553	 0.7487511218993972	 0.12662097671357275	 0.07392534506129589	 0.6715191480222433	 0.9407733362233468	 0.5	 0.9255415590355802	 0.12482440988018484
0.5736032631361481	 0.3343678284969309	 0.9148034608255045	 0.5990568744313505	 0.5454634373510313	 0.9425044710444773	 0.8586421961116135	 0.28799354013041	 0.1054150737193954	 0.569847592947533	 0.28415210240231714	 0.5957265257460903	 0.07445844096441978	 0.5	 0.1380899250556905
0.6935674135512893	 0.7076451182123213	 0.8963697806415726	 0.37573583984146586	 0.5527230070225474	 0.8926834176608902	 0.5812137691362262	 0.37214648195726197	 0.36292219583664054	 0.560259857885855	 0.9276277062379661	 0.1267437608363713	 0.8751755901198152	 0.8619100749443095	 0.5

0.5	 0.1759507978620759	 0.9435121996809274	 0.7927515994343631	 0.6691530197582184	 0.930515534188395	 0.6776211908735021	 0.1716398234856915	 0.04458142803659315	 0.7399159765717079	 0.8239971201665881	 0.522555418042106	 0.7522560817169703	 0.1806019678455678	 0.09683900300512727
0.8240492021379241	 0.5	 0.8090958475951814	 0.6872139835571112	 0.07411788646779993	 0.42428164063608265	 0.03021237802347365	 0.09341531701848094	 0.8627685467233863	 0.7856067571523315	 0.5754565407482636	 0.9827270976358553	 0.38811807587876623	 0.598359065423774	 0.076580449372737
0.056487800319072634	 0.19090415240481862	 0.5	 0.3375913243744282	 0.18929576701337836	 0.39074906562972045	 0.5487348484120195	 0.09106078076379731	 0.4859340472871484	 0.019138973998908182	 0.17798451544980776	 0.5429243552114247	 0.33966598470264386	 0.7460720118995827	 0.45658767851499416
0.20724840056563687	 0.31278601644288884	 0.6624086756255718	 0.5	 0.5669329076986638	 0.09846051467992012	 0.08121904205537156	 0.49346260191468183	 0.6916756354979525	 0.11967560239896702	 0.405781083660533	 0.23449089812432078	 0.896446090259785	 0.9405612585537413	 0.05030015592026005
0.3308469802417816	 0.9258821135322001	 0.8107042329866216	 0.4330670923013362	 0.5	 0.015783872755051	 0.7534760704712224	 0.5190453819786264	 0.6764948158968369	 0.3427645739358023	 0.3692046164886573	 0.9029873622735894	 0.5256507460063808	 0.03889504602947069	 0.42978827009627374
0.06948446581160495	 0.5757183593639174	 0.6092509343702796	 0.9015394853200799	 0.984216127244949	 0.5	 0.7026858830626141	 0.3392613306243052	 0.940104522466121	 0.5398481483788202	 0.039278615586287646	 0.5320265965846445	 0.12445115551686936	 0.9584881497393054	 0.22077374955240314
0.32237880912649786	 0.9697876219765263	 0.45126515158798053	 0.9187809579446284	 0.24652392952877755	 0.29731411693738585	 0.5	 0.502983235259236	 0.2612763438697603	 0.7829078459238149	 0.25780384663561573	 0.8074526759996581	 0.04008705012446556	 0.607472483471806	 0.472795285437426
0.8283601765143085	 0.9065846829815191	 0.9089392192362027	 0.5065373980853182	 0.4809546180213736	 0.6607386693756948	 0.49701676474076395	 0.5	 0.2806576714655209	 0.7966285044587103	 0.6948918257536617	 0.8790968416206523	 0.10327281992138249	 0.39208590742216687	 0.7361985378276039
0.9554185719634068	 0.13723145327661368	 0.5140659527128516	 0.3083243645020475	 0.3235051841031631	 0.05989547753387903	 0.7387236561302397	 0.7193423285344791	 0.5	 0.7107136903059202	 0.22983738618832572	 0.12108036617605933	 0.3475056295592055	 0.46864382951087324	 0.5628739235148743
0.26008402342829207	 0.21439324284766847	 0.9808610260010918	 0.880324397601033	 0.6572354260641977	 0.4601518516211798	 0.2170921540761851	 0.20337149554128975	 0.28928630969407976	 0.5	 0.9251009966933237	 0.5540621112753429	 0.11641592638472431	 0.748719430464948	 0.47024160144167304
0.1760028798334119	 0.4245434592517364	 0.8220154845501922	 0.594218916339467	 0.6307953835113427	 0.9607213844137124	 0.7421961533643843	 0.3051081742463383	 0.7701626138116743	 0.07489900330667632	 0.5	 0.6459143051009618	 0.6052789450904938	 0.49549049747271623	 0.7115867816053976
0.47744458195789397	 0.017272902364144693	 0.4570756447885753	 0.7655091018756792	 0.09701263772641056	 0.46797340341535554	 0.1925473240003419	 0.12090315837934773	 0.8789196338239407	 0.4459378887246571	 0.3540856948990382	 0.5	 0.9545201891848892	 0.7385957141995471	 0.8692673502706806
0.24774391828302966	 0.6118819241212338	 0.6603340152973561	 0.10355390974021506	 0.47434925399361916	 0.8755488444831306	 0.9599129498755344	 0.8967271800786175	 0.6524943704407945	 0.8835840736152757	 0.39472105490950615	 0.045479810815110766	 0.5	 0.41131921199602794	 0.2959522592895497
0.8193980321544322	 0.40164093457622596	 0.2539279881004173	 0.059438741446258714	 0.9611049539705293	 0.041511850260694594	 0.39252751652819395	 0.6079140925778331	 0.5313561704891268	 0.25128056953505196	 0.5045095025272838	 0.26140428580045294	 0.588680788003972	 0.5	 0.4953437744054495
0.9031609969948727	 0.923419550627263	 0.5434123214850058	 0.94969984407974	 0.5702117299037263	 0.7792262504475969	 0.527204714562574	 0.2638014621723961	 0.4371260764851257	 0.529758398558327	 0.28841321839460243	 0.13073264972931942	 0.7040477407104503	 0.5046562255945505	 0.5

0.5	 0.47850687322456675	 0.8780481001286843	 0.9607181221730255	 0.04842967134104814	 0.9203471381772195	 0.6924279586468635	 0.7744107312756159	 0.12567345810782615	 0.6502821616334588	 0.5238348662059368	 0.42847544307370167	 0.5112289628103117	 0.06579635185726807	 0.5203669352394895
0.5214931267754332	 0.5	 0.8077089817534387	 0.004516270191292082	 0.530911369998267	 0.2515903199398276	 0.9682264384884425	 0.6617260642896118	 0.5058450727800725	 0.937186985312679	 0.6711848805327487	 0.8567736528406236	 0.17725142926211634	 0.7234014580731637	 0.301136234396005
0.12195189987131572	 0.19229101824656125	 0.5	 0.379203272940836	 0.5605069666823205	 0.96434874593126	 0.7386199905157583	 0.5812798823014774	 0.6871118677414287	 0.33340849905866454	 0.4138329308004962	 0.09529543244686245	 0.41312483929899824	 0.989346323805549	 0.2066895131867703
0.039281877826974454	 0.9954837298087079	 0.620796727059164	 0.5	 0.1821549281820899	 0.5886521927635314	 0.9524651640169065	 0.07831345928887634	 0.3435972476825103	 0.8137637261144508	 0.3080055881877831	 0.31997693259939985	 0.4329443603599461	 0.7728094118696812	 0.8471765533408147
0.9515703286589519	 0.46908863000173295	 0.4394930333176795	 0.8178450718179101	 0.5	 0.08773117753482085	 0.13306200847600824	 0.1869617383222525	 0.2806130637215156	 0.4544482611510148	 0.3352535933825924	 0.7539115052216115	 0.214720691820789	 0.5557206892181115	 0.6490982097736139
0.07965286182278053	 0.7484096800601724	 0.035651254068740035	 0.4113478072364686	 0.9122688224651792	 0.5	 0.053995007485860724	 0.6682815948382537	 0.5320418319616259	 7.832183081912802E-4	 0.2936330669063497	 0.024859878494488785	 0.8769167822631725	 0.03626997810002286	 0.9298133433382182
0.30757204135313654	 0.031773561511557524	 0.26138000948424167	 0.04753483598309349	 0.8669379915239918	 0.9460049925141393	 0.5	 0.9659591656371672	 0.4890301973473625	 0.8356713709940053	 0.6734496196814072	 0.11054844308658396	 0.19632335384553445	 0.2665079927928753	 0.10480222450595955
0.22558926872438412	 0.3382739357103882	 0.4187201176985226	 0.9216865407111237	 0.8130382616777475	 0.33171840516174633	 0.034040834362832784	 0.5	 0.7984869797869232	 0.7708102644702799	 0.15604950679879703	 0.15074664949173522	 0.6985427546698556	 0.4851885966716506	 0.3467366405406447
0.8743265418921738	 0.4941549272199275	 0.31288813225857126	 0.6564027523174897	 0.7193869362784844	 0.4679581680383741	 0.5109698026526375	 0.20151302021307682	 0.5	 0.9715278334539337	 0.6961130428244423	 0.07577771356457219	 0.6137177914776533	 0.3837397227395175	 0.821419987555405
0.34971783836654124	 0.06281301468732103	 0.6665915009413355	 0.1862362738855492	 0.5455517388489852	 0.9992167816918087	 0.16432862900599465	 0.2291897355297201	 0.028472166546066324	 0.5	 0.5710430376871662	 0.3698242183620881	 0.8066212993280817	 0.8158677015669221	 0.8209423439109995
0.4761651337940632	 0.3288151194672513	 0.5861670691995038	 0.6919944118122169	 0.6647464066174076	 0.7063669330936503	 0.32655038031859285	 0.843950493201203	 0.3038869571755577	 0.42895696231283376	 0.5	 0.06084627706954582	 0.860361725187612	 0.3024119296276089	 0.7195561002220391
0.5715245569262983	 0.14322634715937643	 0.9047045675531376	 0.6800230674006001	 0.24608849477838846	 0.9751401215055112	 0.889451556913416	 0.8492533505082648	 0.9242222864354278	 0.6301757816379119	 0.9391537229304542	 0.5	 0.162761871402478	 0.16795833100116098	 0.42520715204392334
0.4887710371896883	 0.8227485707378837	 0.5868751607010018	 0.5670556396400539	 0.785279308179211	 0.12308321773682751	 0.8036766461544655	 0.3014572453301444	 0.38628220852234674	 0.1933787006719183	 0.139638274812388	 0.837238128597522	 0.5	 0.05194038550902225	 0.7326084674369068
0.9342036481427319	 0.2765985419268363	 0.010653676194451012	 0.22719058813031878	 0.44427931078188854	 0.9637300218999771	 0.7334920072071247	 0.5148114033283494	 0.6162602772604825	 0.18413229843307788	 0.6975880703723911	 0.832041668998839	 0.9480596144909778	 0.5	 0.6162739654573245
0.4796330647605105	 0.698863765603995	 0.7933104868132297	 0.15282344665918535	 0.3509017902263861	 0.07018665666178181	 0.8951977754940404	 0.6532633594593553	 0.17858001244459498	 0.17905765608900048	 0.2804438997779609	 0.5747928479560767	 0.2673915325630932	 0.3837260345426755	 0.5

0.5	 0.34356790632244116	 0.02697451280112617	 0.987292376372962	 0.33840504777385294	 0.6827290539483102	 0.44612731199229905	 0.8648040960758895	 0.49836935366451296	 0.27320134908394933	 0.8206430101943274	 0.5784121770760228	 0.8363658913631734	 0.13425631712506159	 0.5017604342765715
0.6564320936775588	 0.5	 0.49782416474477253	 0.8879565928409199	 0.9652323831024149	 0.37335173136264843	 0.6619466887963396	 0.7275075894383887	 0.29834589651108734	 0.5306336310709877	 0.48143112777459474	 0.6895889488713153	 0.9670127482072651	 0.795026691125042	 0.7763374040306027
0.9730254871988738	 0.5021758352552275	 0.5	 0.18062768603489165	 0.09808548659125993	 0.4632646999517085	 0.09023086294528515	 0.1844815122239769	 0.40379283836836843	 0.7640513304306784	 0.6175345200083543	 0.09392241993409778	 0.022802217823746695	 0.7270063132869958	 0.8827173960981487
0.012707623627038034	 0.11204340715908012	 0.8193723139651083	 0.5	 0.18458863550044013	 0.5397080087174289	 0.5563390800538144	 0.5179064184002523	 0.3887841963404125	 0.09838138957749465	 0.1456327623746514	 0.0997686439832115	 0.02357553104237131	 0.7170002330642141	 0.07031695286769024
0.6615949522261471	 0.03476761689758512	 0.9019145134087401	 0.8154113644995599	 0.5	 0.02701682188533583	 0.7809550416746658	 0.011210873352680117	 0.2508529579785088	 0.8466503591103246	 0.597411363062657	 0.5367553798861696	 0.492350658521736	 0.27005088741438643	 0.9860672365941905
0.3172709460516898	 0.6266482686373516	 0.5367353000482915	 0.46029199128257114	 0.9729831781146642	 0.5	 0.8740320074682822	 0.27528083860199826	 0.3593096128095725	 0.036615224988627126	 0.3944381517334432	 0.49714321328660904	 0.009671499731769617	 0.5666025346912668	 0.3719787468993908
0.553872688007701	 0.33805331120366044	 0.9097691370547148	 0.4436609199461856	 0.21904495832533422	 0.12596799253171775	 0.5	 0.3463946097829873	 0.905739171332984	 0.8421862772213302	 0.7335055893272255	 0.12763769535353586	 0.5870869430364668	 0.877300826703981	 0.27708576278853714
0.13519590392411052	 0.27249241056161133	 0.8155184877760231	 0.4820935815997477	 0.9887891266473199	 0.7247191613980017	 0.6536053902170127	 0.5	 0.6510159731984949	 0.12319382553160885	 0.5672490560191635	 0.630380343377821	 0.7489556787682249	 0.16811126649874386	 0.8160500376708336
0.501630646335487	 0.7016541034889127	 0.5962071616316316	 0.6112158036595875	 0.7491470420214912	 0.6406903871904275	 0.09426082866701602	 0.3489840268015051	 0.5	 0.5695472776654008	 0.5898407614129042	 0.842040140698666	 0.37644547457893895	 0.5740651592927392	 0.7209027487944629
0.7267986509160507	 0.4693663689290123	 0.2359486695693216	 0.9016186104225054	 0.1533496408896754	 0.9633847750113729	 0.15781372277866978	 0.8768061744683912	 0.4304527223345992	 0.5	 0.9699986183707151	 0.3372880796102402	 0.6540075022625349	 0.19155187628794756	 0.697020649859925
0.1793569898056726	 0.5185688722254053	 0.3824654799916457	 0.8543672376253486	 0.40258863693734304	 0.6055618482665568	 0.26649441067277446	 0.43275094398083647	 0.4101592385870958	 0.030001381629284896	 0.5	 0.06510468348487908	 0.5536796958448362	 0.6835719091813474	 0.3948326632415736
0.42158782292397723	 0.3104110511286847	 0.9060775800659022	 0.9002313560167885	 0.4632446201138304	 0.502856786713391	 0.8723623046464641	 0.369619656622179	 0.15795985930133405	 0.6627119203897598	 0.9348953165151209	 0.5	 0.9349482522754887	 0.4091641097841726	 0.30604608844912295
0.1636341086368266	 0.03298725179273487	 0.9771977821762533	 0.9764244689576287	 0.507649341478264	 0.9903285002682304	 0.4129130569635332	 0.2510443212317751	 0.623554525421061	 0.3459924977374651	 0.44632030415516377	 0.06505174772451128	 0.5	 0.0767137857386726	 0.3702218720143692
0.8657436828749384	 0.20497330887495802	 0.27299368671300417	 0.2829997669357859	 0.7299491125856136	 0.43339746530873324	 0.12269917329601898	 0.8318887335012561	 0.42593484070726084	 0.8084481237120524	 0.31642809081865264	 0.5908358902158274	 0.9232862142613274	 0.5	 0.8172009218051173
0.49823956572342853	 0.2236625959693973	 0.1172826039018513	 0.9296830471323098	 0.013932763405809512	 0.6280212531006092	 0.7229142372114629	 0.18394996232916638	 0.2790972512055371	 0.30297935014007504	 0.6051673367584264	 0.693953911550877	 0.6297781279856308	 0.18279907819488272	 0.5

0.5	 0.3046481470340716	 0.5183829569602177	 0.2910141349205294	 0.9389759978330476	 0.48809990976915174	 0.06731349769904893	 0.5234507347325789	 0.6852439274021684	 0.20601612489828092	 0.8670783659989323	 0.9426004810599484	 0.8261156136357454	 0.34243941988780924	 0.7103439716118033
0.6953518529659284	 0.5	 0.7213891175440539	 0.9603207010866964	 0.6536817941134587	 0.02469910221508076	 0.997524817856949	 0.9626709600263189	 0.3951043951280999	 0.9283873327309985	 0.5875244686891581	 0.5514964891756378	 0.7262186824465392	 0.5122135887636515	 0.4553947489649084
0.48161704303978226	 0.2786108824559461	 0.5	 0.011348781261473206	 0.9017075317024593	 0.5986321775340984	 0.8698365768572367	 0.8302782863980483	 0.8038172024113336	 0.25343751558331507	 0.24731779669731502	 0.17603369962611182	 0.20067163988787262	 0.8811424585866877	 0.5230856681527078
0.7089858650794706	 0.03967929891330357	 0.9886512187385268	 0.5	 0.33181855952991957	 0.22541306120997995	 0.822043915986567	 0.518167189140532	 0.4397805718081821	 0.9626737592262216	 0.9871385550863644	 0.17763205338427068	 0.15919766788806256	 0.7017359465573927	 0.2164665761498934
0.06102400216695236	 0.3463182058865413	 0.09829246829754068	 0.6681814404700804	 0.5	 0.7438693533580983	 0.13636378346691935	 0.36983765892066767	 0.7271244654775535	 0.8983558240549934	 0.5044668442563339	 0.8944349575405549	 0.22910262872327092	 0.6563699163205718	 0.9842901201813754
0.5119000902308483	 0.9753008977849192	 0.40136782246590164	 0.77458693879002	 0.25613064664190166	 0.5	 0.759831172090816	 0.030267355198813295	 0.33133290136102644	 0.540357370465356	 0.8214368957619196	 0.7262206623407674	 0.19893391623427625	 0.9621811563368412	 0.5200245033503138
0.9326865023009511	 0.00247518214305098	 0.1301634231427633	 0.177956084013433	 0.8636362165330806	 0.24016882790918404	 0.5	 0.8764359347680734	 0.5859237164296589	 0.18656279256623387	 0.9986937741600521	 0.4049808166497467	 0.9844369588477317	 0.6544316138715365	 0.26686596582020905
0.47654926526742114	 0.03732903997368109	 0.16972171360195165	 0.48183281085946805	 0.6301623410793323	 0.9697326448011867	 0.12356406523192665	 0.5	 0.33230364049705463	 0.4499307590492376	 0.5044999364792956	 0.47847568110852257	 0.843972769957347	 0.9793031033655176	 0.9460496994963962
0.31475607259783156	 0.6048956048719001	 0.1961827975886664	 0.5602194281918179	 0.2728755345224465	 0.6686670986389736	 0.4140762835703411	 0.6676963595029454	 0.5	 0.5956311454806914	 0.6329231600955368	 0.785481086857152	 0.7244552188810689	 0.19436533483443974	 0.9136781412658027
0.7939838751017191	 0.0716126672690015	 0.7465624844166849	 0.03732624077377844	 0.10164417594500663	 0.45964262953464396	 0.8134372074337661	 0.5500692409507624	 0.4043688545193086	 0.5	 0.3857462796035722	 0.19558599897020235	 0.9357017925123492	 0.5001782531049817	 0.20329035261337114
0.1329216340010677	 0.4124755313108419	 0.752682203302685	 0.012861444913635611	 0.4955331557436661	 0.17856310423808042	 0.0013062258399478832	 0.4955000635207044	 0.36707683990446316	 0.6142537203964278	 0.5	 0.15902254320174247	 0.27311051791169805	 0.863263504367921	 0.94497090925697
0.057399518940051575	 0.44850351082436224	 0.8239663003738882	 0.8223679466157293	 0.10556504245944509	 0.27377933765923257	 0.5950191833502533	 0.5215243188914774	 0.214518913142848	 0.8044140010297977	 0.8409774567982575	 0.5	 0.2650568848888246	 0.2965309367184633	 0.13951929666346707
0.17388438636425463	 0.2737813175534608	 0.7993283601121274	 0.8408023321119374	 0.7708973712767291	 0.8010660837657237	 0.015563041152268253	 0.15602723004265295	 0.2755447811189311	 0.0642982074876508	 0.726889482088302	 0.7349431151111754	 0.5	 0.3629643446681865	 0.5067389402201986
0.6575605801121908	 0.48778641123634847	 0.11885754141331228	 0.2982640534426073	 0.34363008367942816	 0.0378188436631588	 0.3455683861284635	 0.020696896634482376	 0.8056346651655603	 0.49982174689501835	 0.136736495632079	 0.7034690632815367	 0.6370356553318135	 0.5	 0.22349070451858777
0.2896560283881967	 0.5446052510350916	 0.47691433184729215	 0.7835334238501066	 0.015709879818624595	 0.4799754966496862	 0.733134034179791	 0.05395030050360383	 0.08632185873419729	 0.7967096473866289	 0.055029090743029974	 0.8604807033365329	 0.4932610597798014	 0.7765092954814122	 0.5

0.5	 0.4743044921782016	 0.7798335412840202	 0.7678517084246066	 0.5710871297555745	 0.550665167312839	 0.317944980107414	 0.7982862163570544	 0.917102124874967	 0.6629338311006703	 0.9702877329864017	 0.12193799690986418	 0.6387897936669461	 0.1121155265423116	 0.5026923361035333
0.5256955078217984	 0.5	 0.9418065451267942	 0.8552176045790805	 0.47659451229799155	 0.8320368417290784	 0.23488789435972635	 0.7905993864635916	 0.00105725839913684	 0.9437517267884576	 0.8403303229610253	 0.14662142615260798	 0.7829057242374942	 0.12049446055204271	 0.8146388623648211
0.22016645871597984	 0.05819345487320582	 0.5	 0.15991579044809745	 0.8761862435365722	 0.35031035398604293	 0.1178018055069665	 0.5670014808341309	 0.7973177376968249	 0.5296665651653584	 0.6365956922435959	 0.14920929062736032	 0.6874102770976571	 0.48006681216020886	 0.3999572115765787
0.2321482915753934	 0.14478239542091953	 0.8400842095519025	 0.5	 0.1365516600682486	 0.5627232808974216	 0.8565239270495844	 0.5961941191152692	 0.5121937891719185	 0.6678200716554321	 0.7419886587032576	 0.6629395079551251	 0.17812799289869063	 0.9352335569225887	 0.09390247672808139
0.4289128702444255	 0.5234054877020085	 0.12381375646342785	 0.8634483399317514	 0.5	 0.288136871912654	 0.017848412364801947	 0.9509655123328711	 0.23736326978385902	 0.6339760803228951	 0.12326837014336145	 0.6268999155254649	 0.28396254968841184	 0.47558329903133756	 0.8408183540414669
0.449334832687161	 0.16796315827092156	 0.6496896460139571	 0.43727671910257837	 0.711863128087346	 0.5	 0.9892181929716242	 0.6961734525363588	 0.23240059576199124	 0.8356073717677808	 0.10616268689578223	 0.21423872601571392	 0.0625738769497598	 0.07272638439295631	 0.19900174278111737
0.682055019892586	 0.7651121056402737	 0.8821981944930335	 0.14347607295041565	 0.982151587635198	 0.010781807028375834	 0.5	 0.0158290347786203	 0.28930048525466034	 0.47121728546499975	 0.40680828634825605	 0.2883109503461022	 0.4329708234730638	 0.9989263524215904	 0.5086710542934881
0.20171378364294557	 0.20940061353640838	 0.43299851916586907	 0.4038058808847308	 0.04903448766712892	 0.30382654746364124	 0.9841709652213797	 0.5	 0.35928565717089533	 0.034071001467781525	 0.14540678070439284	 0.1462158516323424	 0.15312871025819952	 0.2691961750893248	 0.035229611732429666
0.082897875125033	 0.9989427416008632	 0.2026822623031751	 0.4878062108280815	 0.762636730216141	 0.7675994042380088	 0.7106995147453397	 0.6407143428291047	 0.5	 0.734821676186746	 0.019581981552353134	 0.08615751119799131	 0.9255081846963739	 0.3036746931895573	 0.915019220481173
0.3370661688993297	 0.056248273211542354	 0.47033343483464163	 0.3321799283445679	 0.3660239196771049	 0.16439262823221923	 0.5287827145350003	 0.9659289985322185	 0.265178323813254	 0.5	 0.21404821481490255	 0.46913615243522966	 0.9628106084615079	 0.5078266819287964	 0.9402666424959294
0.029712267013598304	 0.15966967703897472	 0.3634043077564041	 0.2580113412967424	 0.8767316298566386	 0.8938373131042178	 0.593191713651744	 0.8545932192956072	 0.9804180184476469	 0.7859517851850975	 0.5	 0.9191849511953059	 0.5595538414098378	 0.02641096635428719	 0.9888780496017806
0.8780620030901358	 0.853378573847392	 0.8507907093726397	 0.33706049204487487	 0.37310008447453513	 0.7857612739842861	 0.7116890496538978	 0.8537841483676576	 0.9138424888020087	 0.5308638475647703	 0.08081504880469415	 0.5	 0.4001011229709709	 0.3572698454900818	 0.5716662753859985
0.3612102063330539	 0.21709427576250584	 0.3125897229023429	 0.8218720071013094	 0.7160374503115882	 0.9374261230502402	 0.5670291765269362	 0.8468712897418005	 0.07449181530362614	 0.0371893915384921	 0.44044615859016223	 0.5998988770290291	 0.5	 0.18332835562602023	 0.4777902313347494
0.8878844734576884	 0.8795055394479573	 0.5199331878397911	 0.0647664430774113	 0.5244167009686624	 0.9272736156070437	 0.0010736475784095534	 0.7308038249106752	 0.6963253068104427	 0.49217331807120357	 0.9735890336457128	 0.6427301545099182	 0.8166716443739798	 0.5	 0.24610474024513862
0.49730766389646675	 0.18536113763517892	 0.6000427884234213	 0.9060975232719186	 0.15918164595853312	 0.8009982572188826	 0.49132894570651187	 0.9647703882675703	 0.08498077951882699	 0.059733357504070606	 0.011121950398219393	 0.42833372461400154	 0.5222097686652506	 0.7538952597548614	 0.5

