6
10
0.5	 0.7828365762095642	 0.2759458761557726	 0.23988323345490747	 0.47307907275490324	 0.35325702362626243	 0.5313868179382574	 0.5833586778518519	 0.3538238191698422	 0.9713627759958822
0.21716342379043585	 0.5	 0.7777896460212996	 0.8767041765193443	 0.6387538566780049	 0.059746972408484034	 0.8388171096762765	 0.7623117714711982	 0.30139393337672726	 0.6461382615958833
0.7240541238442274	 0.22221035397870037	 0.5	 0.4176024311621571	 0.974205712428283	 0.3021997876818514	 0.5755988153586074	 0.2920494566925361	 3.9435005397159273E-4	 0.44380882697467827
0.7601167665450925	 0.12329582348065571	 0.5823975688378429	 0.5	 0.941580151159633	 0.7660770988375839	 0.8366535606441915	 0.8915524451134128	 0.4382598780057476	 0.3343579242793181
0.5269209272450968	 0.3612461433219951	 0.02579428757171698	 0.058419848840366995	 0.5	 0.7026220728265383	 0.2547676071997864	 0.24380880959591544	 0.2768903577811298	 0.763940097959728
0.6467429763737376	 0.940253027591516	 0.6978002123181486	 0.2339229011624161	 0.2973779271734617	 0.5	 0.7738606335516317	 0.7327149212574394	 0.6897822849264261	 0.3582646754158402
0.46861318206174263	 0.16118289032372346	 0.42440118464139265	 0.1633464393558085	 0.7452323928002136	 0.2261393664483683	 0.5	 0.33873943514085136	 0.7850168424965674	 0.27991356953909885
0.4166413221481481	 0.23768822852880178	 0.7079505433074639	 0.1084475548865872	 0.7561911904040846	 0.2672850787425606	 0.6612605648591486	 0.5	 0.9583465671514309	 0.7761445167259667
0.6461761808301578	 0.6986060666232727	 0.9996056499460284	 0.5617401219942524	 0.7231096422188702	 0.3102177150735739	 0.21498315750343255	 0.04165343284856915	 0.5	 0.7112760926475741
0.028637224004117834	 0.3538617384041167	 0.5561911730253217	 0.6656420757206819	 0.23605990204027205	 0.6417353245841598	 0.7200864304609012	 0.22385548327403326	 0.2887239073524259	 0.5

0.5	 0.9757467038926795	 0.38681405449881845	 0.17238136363278533	 0.5857439848947871	 0.37641905415064625	 0.017347893295482475	 0.7775934896910662	 0.30317804293208717	 0.7748653578650728
0.02425329610732052	 0.5	 0.7234634940932813	 0.29440720596712633	 0.1525950017330363	 0.9723995058225458	 0.31019997005596645	 0.7283949055323213	 0.9704100672958607	 0.7666694951353207
0.6131859455011816	 0.27653650590671874	 0.5	 0.3499014965711966	 0.3496238410331899	 0.10271850781183522	 0.49302603965009895	 0.6174432991626843	 0.7574284904162051	 0.7112344858572736
0.8276186363672147	 0.7055927940328737	 0.6500985034288034	 0.5	 0.5387928111666912	 0.3075402440521925	 0.195199268576025	 0.3724359518803564	 0.25209912788219013	 0.7617074714077879
0.4142560151052129	 0.8474049982669637	 0.6503761589668101	 0.4612071888333088	 0.5	 0.08811816860310218	 0.8307862416708416	 0.46478850409766537	 0.7068569375689776	 0.09024909972218509
0.6235809458493538	 0.02760049417745425	 0.8972814921881648	 0.6924597559478075	 0.9118818313968978	 0.5	 0.18194154267353158	 0.9280172646829947	 0.8131772782280924	 0.022116846577098892
0.9826521067045175	 0.6898000299440336	 0.506973960349901	 0.804800731423975	 0.16921375832915841	 0.8180584573264684	 0.5	 0.2081430398198989	 0.3195094191258422	 0.7158590813272716
0.22240651030893377	 0.27160509446767866	 0.38255670083731574	 0.6275640481196436	 0.5352114959023346	 0.07198273531700528	 0.7918569601801011	 0.5	 0.955885241048833	 0.06553084741371762
0.6968219570679128	 0.029589932704139343	 0.24257150958379492	 0.7479008721178099	 0.2931430624310224	 0.18682272177190762	 0.6804905808741578	 0.04411475895116701	 0.5	 0.12303545465826138
0.22513464213492718	 0.23333050486467932	 0.28876551414272644	 0.23829252859221206	 0.9097509002778149	 0.9778831534229011	 0.2841409186727284	 0.9344691525862824	 0.8769645453417386	 0.5

0.5	 0.3255984014019381	 0.261232565845702	 0.046629053256457054	 0.022440784064719832	 0.9542157583057973	 0.5405931856699523	 0.30712106789354565	 0.6007587913369927	 0.7006822579742132
0.6744015985980619	 0.5	 0.6300359259908893	 0.0561047536400201	 0.29507740651555003	 0.7653217748013982	 0.27800517667069846	 0.5874749110180746	 0.21546540010249948	 0.1583935577857256
0.738767434154298	 0.3699640740091107	 0.5	 0.8730726054026543	 0.1558510078927543	 0.059288762174134035	 0.9024547127772198	 0.4270433243655143	 0.14201002354809256	 0.6769131881782122
0.953370946743543	 0.9438952463599799	 0.1269273945973457	 0.5	 0.8169377859800899	 0.1618609863505147	 0.3422977008094489	 0.04041493358256942	 0.3202769073902164	 0.8634280281614776
0.9775592159352802	 0.70492259348445	 0.8441489921072457	 0.18306221401991007	 0.5	 0.08737131806517251	 0.3804675486311564	 0.4202674505769193	 0.8773719838082088	 0.14660319146559353
0.0457842416942027	 0.23467822519860182	 0.940711237825866	 0.8381390136494853	 0.9126286819348275	 0.5	 0.10911034316588786	 0.07994532999994708	 0.8649520032199421	 0.40670076967348123
0.4594068143300477	 0.7219948233293015	 0.09754528722278022	 0.6577022991905511	 0.6195324513688436	 0.8908896568341121	 0.5	 0.029894594170235766	 0.44412397667117454	 0.21171459294522266
0.6928789321064543	 0.4125250889819254	 0.5729566756344857	 0.9595850664174306	 0.5797325494230807	 0.9200546700000529	 0.9701054058297642	 0.5	 0.12657589756920729	 0.25194106973844077
0.3992412086630073	 0.7845345998975005	 0.8579899764519074	 0.6797230926097836	 0.1226280161917912	 0.13504799678005786	 0.5558760233288255	 0.8734241024307927	 0.5	 0.9908285898389041
0.29931774202578676	 0.8416064422142744	 0.3230868118217878	 0.13657197183852243	 0.8533968085344065	 0.5932992303265188	 0.7882854070547773	 0.7480589302615592	 0.009171410161095905	 0.5

0.5	 0.2649408471193476	 0.420470622081101	 0.5168987166621382	 0.7804044680328865	 0.17135203983835234	 0.920519597908056	 0.7844675584973372	 0.6710498040005181	 0.24454915882071948
0.7350591528806524	 0.5	 0.5549669056821814	 0.9845695827059033	 0.8470750210334005	 0.989973021214205	 0.12389592783270731	 0.6081843765549584	 0.9553063725996451	 0.4713181625568822
0.579529377918899	 0.44503309431781857	 0.5	 0.36719475229238274	 0.028581700478991556	 0.7330634096910927	 0.5632888973151626	 0.24655679826651156	 0.22034461291341012	 0.8920047462344647
0.48310128333786184	 0.015430417294096666	 0.6328052477076173	 0.5	 0.5882520497628478	 0.31252710031550524	 0.12548799637167907	 0.5119617662171833	 0.0704595051779785	 0.3953946359888928
0.21959553196711346	 0.1529249789665995	 0.9714182995210084	 0.41174795023715216	 0.5	 0.06880322645255621	 0.6215484247874945	 0.24874058273342026	 0.6175195219995094	 0.7974100860484896
0.8286479601616477	 0.010026978785794949	 0.26693659030890726	 0.6874728996844948	 0.9311967735474438	 0.5	 0.29174967527662155	 0.6770399973998383	 0.5147233779110982	 0.17359954315690662
0.07948040209194396	 0.8761040721672927	 0.43671110268483737	 0.8745120036283209	 0.3784515752125055	 0.7082503247233785	 0.5	 0.7493548065330208	 0.7119045259738183	 0.875660144612339
0.21553244150266282	 0.3918156234450416	 0.7534432017334884	 0.48803823378281674	 0.7512594172665797	 0.32296000260016167	 0.2506451934669792	 0.5	 0.28540203158838773	 0.7290163816552611
0.32895019599948194	 0.044693627400354874	 0.7796553870865899	 0.9295404948220215	 0.38248047800049056	 0.48527662208890177	 0.28809547402618174	 0.7145979684116123	 0.5	 0.9369976056699227
0.7554508411792805	 0.5286818374431178	 0.10799525376553532	 0.6046053640111072	 0.20258991395151038	 0.8264004568430934	 0.12433985538766101	 0.27098361834473894	 0.06300239433007726	 0.5

0.5	 0.9508747947289533	 0.31532572697722294	 0.045867707021811865	 0.48767088766172606	 0.3001745054161373	 0.9823270479911079	 0.19874555752186962	 0.9902628456701756	 0.3095578534507938
0.04912520527104669	 0.5	 0.9239989296432084	 0.8960692939786113	 0.30150769827958024	 0.31240761905323977	 0.21169815271129955	 0.6671416041424416	 0.6456374192730936	 0.5188909910189105
0.6846742730227771	 0.0760010703567916	 0.5	 0.2715788209691534	 0.660125961923325	 0.3290688110377219	 0.08963956105259585	 0.9298047024984333	 0.32032234053284503	 0.03305292715670616
0.9541322929781881	 0.10393070602138865	 0.7284211790308466	 0.5	 0.23363108921266407	 0.9544741265067238	 0.8077477302145213	 0.352930156272653	 0.5107227436665187	 0.9946788604992328
0.5123291123382739	 0.6984923017204198	 0.33987403807667504	 0.7663689107873359	 0.5	 0.7763659917926667	 0.1333381954160341	 0.3483885835695172	 0.3727819346151424	 0.9820388337945626
0.6998254945838627	 0.6875923809467602	 0.6709311889622781	 0.04552587349327619	 0.22363400820733326	 0.5	 0.3450088592099121	 0.892563955322111	 0.272913799674553	 0.8122458868699189
0.017672952008892073	 0.7883018472887005	 0.9103604389474041	 0.1922522697854787	 0.8666618045839659	 0.6549911407900879	 0.5	 0.4763286042478402	 0.7041028854542666	 0.4868500575758208
0.8012544424781304	 0.3328583958575584	 0.07019529750156672	 0.647069843727347	 0.6516114164304828	 0.10743604467788903	 0.5236713957521598	 0.5	 0.23784860377321537	 0.6716270935210532
0.00973715432982436	 0.3543625807269064	 0.679677659467155	 0.4892772563334813	 0.6272180653848576	 0.727086200325447	 0.2958971145457334	 0.7621513962267846	 0.5	 0.4852042955725996
0.6904421465492062	 0.48110900898108955	 0.9669470728432938	 0.00532113950076718	 0.017961166205437418	 0.18775411313008106	 0.5131499424241792	 0.3283729064789468	 0.5147957044274004	 0.5

0.5	 0.9512110105086088	 0.037639521831900336	 0.4849234743451203	 0.4828343455195363	 0.9030813867314386	 0.4258244948525506	 0.14331858854246116	 0.7706732624092278	 0.05571665098739065
0.04878898949139121	 0.5	 0.3136220393091085	 0.08952738296156681	 0.2707496117380729	 0.7769839047035287	 0.1406017715634792	 0.7562624268835293	 0.9966303172156737	 0.580420739071607
0.9623604781680997	 0.6863779606908915	 0.5	 0.5018249158747096	 0.014161064531914236	 0.5686320486359255	 0.36401807042133005	 0.19117080881425652	 0.8241618981919254	 0.4845421753166219
0.5150765256548797	 0.9104726170384332	 0.49817508412529043	 0.5	 0.06915443396506205	 0.948971633435913	 0.87205995175887	 0.8965433590045435	 0.3722615054511914	 0.4379123325850771
0.5171656544804637	 0.7292503882619271	 0.9858389354680858	 0.930845566034938	 0.5	 0.5287768300876162	 0.4187865371113426	 0.05402639319098934	 0.8549404292438055	 0.7777339005170335
0.09691861326856144	 0.22301609529647126	 0.43136795136407446	 0.051028366564087047	 0.4712231699123838	 0.5	 0.26447054207718834	 0.5044135828016605	 0.501970412140663	 0.32981806491064924
0.5741755051474494	 0.8593982284365208	 0.63598192957867	 0.12794004824113003	 0.5812134628886574	 0.7355294579228117	 0.5	 0.316951496902955	 0.41651522439485633	 0.5844565510836459
0.8566814114575388	 0.2437375731164707	 0.8088291911857435	 0.10345664099545648	 0.9459736068090107	 0.4955864171983395	 0.683048503097045	 0.5	 0.0067809740799935625	 0.5763184700178083
0.22932673759077216	 0.0033696827843262556	 0.17583810180807458	 0.6277384945488086	 0.14505957075619447	 0.49802958785933704	 0.5834847756051437	 0.9932190259200064	 0.5	 0.09821546864884712
0.9442833490126094	 0.41957926092839304	 0.5154578246833781	 0.5620876674149229	 0.2222660994829665	 0.6701819350893508	 0.4155434489163541	 0.42368152998219166	 0.9017845313511529	 0.5

